# stan_version_major = 2
# stan_version_minor = 27
# stan_version_patch = 0
# model = iBEASTIE2_model
# start_datetime = 2021-07-26 00:16:37 UTC
# method = sample (Default)
#   sample
#     num_samples = 1000 (Default)
#     num_warmup = 1000 (Default)
#     save_warmup = 0 (Default)
#     thin = 1 (Default)
#     adapt
#       engaged = 1 (Default)
#       gamma = 0.050000000000000003 (Default)
#       delta = 0.80000000000000004 (Default)
#       kappa = 0.75 (Default)
#       t0 = 10 (Default)
#       init_buffer = 75 (Default)
#       term_buffer = 50 (Default)
#       window = 25 (Default)
#     algorithm = hmc (Default)
#       hmc
#         engine = nuts (Default)
#           nuts
#             max_depth = 10 (Default)
#         metric = diag_e (Default)
#         metric_file =  (Default)
#         stepsize = 1 (Default)
#         stepsize_jitter = 0 (Default)
# id = 0 (Default)
# data
#   file = /Users/scarlett/Documents/Allen_lab/github/BEASTIE/BEASTIE_example/HG00096_chr21/output/s-0.5_a-0.05_sinCov0_totCov1_W1000K1000/output_pkl/beastie/tmp_output.txt
# init = /Users/scarlett/Documents/Allen_lab/github/BEASTIE/BEASTIE_example/HG00096_chr21/output/s-0.5_a-0.05_sinCov0_totCov1_W1000K1000/output_pkl/beastie/initialization_stan.txt
# random
#   seed = 3881123475 (Default)
# output
#   file = /Users/scarlett/Documents/Allen_lab/github/BEASTIE/BEASTIE_example/HG00096_chr21/output/s-0.5_a-0.05_sinCov0_totCov1_W1000K1000/output_pkl/beastie/stan_output.txt
#   diagnostic_file =  (Default)
#   refresh = 0
#   sig_figs = -1 (Default)
#   profile_file = profile.csv (Default)
# stanc_version = stanc3 9c6819a
# stancflags = 
lp__,accept_stat__,stepsize__,treedepth__,n_leapfrog__,divergent__,energy__,theta,missingPi.1,missingPi.2,p
# Adaptation terminated
# Step size = 0.58681
# Diagonal elements of inverse mass matrix:
# 0.0261596, 1.55505, 1.91898
-22.9839,0.981986,0.58681,2,7,0,23.5475,1.12597,0.00251008,0.0458911,0.529625
-21.0584,0.99257,0.58681,2,7,0,23.8599,0.892726,0.104651,0.153724,0.471662
-20.5488,0.824513,0.58681,2,3,0,23.8016,1.05738,0.0495897,0.0446124,0.513944
-20.8719,0.924994,0.58681,2,3,0,21.9506,1.11844,0.209978,0.116413,0.527954
-20.6032,0.64572,0.58681,1,3,0,24.0597,1.07796,0.0323894,0.113455,0.518759
-23.0989,0.738145,0.58681,2,5,0,23.4344,1.03032,0.158234,0.00256846,0.507468
-22.7758,0.960212,0.58681,3,7,0,24.962,1.43348,0.0990926,0.0123539,0.589066
-22.8462,0.926502,0.58681,2,7,0,25.6339,0.8754,0.158523,0.00750401,0.46678
-22.5185,1,0.58681,3,7,0,23.7222,0.926164,0.0953562,0.345102,0.480833
-22.5915,1,0.58681,3,7,0,23.1769,1.30282,0.038588,0.00756446,0.56575
-21.9149,0.984191,0.58681,3,7,0,24.5718,0.792158,0.0978915,0.0910766,0.442014
-23.0882,0.938441,0.58681,3,7,0,23.7613,0.781619,0.0247081,0.0507241,0.438713
-20.6523,0.995293,0.58681,2,3,0,23.4936,1.12682,0.0815868,0.0289954,0.529814
-21.749,0.900961,0.58681,2,5,0,22.6885,1.04181,0.0503539,0.00949862,0.510238
-21.0262,0.964908,0.58681,3,7,0,22.9261,1.20595,0.205832,0.0683456,0.546681
-21.4063,0.801623,0.58681,2,3,0,22.8547,1.19677,0.177741,0.212978,0.544787
-21.628,0.841859,0.58681,3,7,0,22.7319,1.04719,0.0630581,0.00974405,0.511526
-21.1906,0.947375,0.58681,2,7,0,23.6111,1.00408,0.194058,0.0312588,0.501018
-20.8929,0.949799,0.58681,2,3,0,21.7895,1.04649,0.160458,0.0307194,0.511359
-21.9145,0.843071,0.58681,3,7,0,23.1307,1.15117,0.0090161,0.0373188,0.535137
-20.7068,0.953623,0.58681,3,7,0,23.7689,1.25406,0.047037,0.0840848,0.556357
-21.348,0.96493,0.58681,3,7,0,21.8167,0.925756,0.223812,0.062257,0.480723
-20.5935,0.946593,0.58681,3,7,0,22.0694,1.17741,0.0510121,0.145452,0.54074
-20.9953,0.981929,0.58681,3,7,0,21.1911,1.24901,0.0366428,0.045031,0.55536
-20.8798,0.989186,0.58681,2,7,0,21.5655,1.13971,0.0355605,0.173401,0.532646
-22.1334,0.704516,0.58681,3,7,0,24.6687,0.985387,0.0445776,0.00823579,0.49632
-21.1166,0.902018,0.58681,3,7,0,26.7015,1.05254,0.0380132,0.0234447,0.512799
-21.5641,0.987649,0.58681,2,3,0,21.835,1.12342,0.0249342,0.0179209,0.529062
-20.9472,0.966599,0.58681,3,7,0,23.1412,1.27459,0.161135,0.0801753,0.56036
-20.2585,1,0.58681,2,3,0,21.0987,1.04101,0.0802862,0.0696096,0.510046
-22.3673,0.858383,0.58681,2,3,0,22.9351,1.18876,0.119045,0.335034,0.543121
-21.325,1,0.58681,2,3,0,23.1169,1.01484,0.164152,0.0192508,0.503682
-20.4597,0.969625,0.58681,3,7,0,21.7558,1.20967,0.071125,0.118011,0.547443
-22.6601,0.88364,0.58681,3,7,0,23.2024,0.825615,0.0161092,0.0787764,0.452239
-20.7744,1,0.58681,2,3,0,22.7102,0.997871,0.0486943,0.168289,0.499467
-22.3181,0.914627,0.58681,2,7,0,23.1679,1.09947,0.00535505,0.0403478,0.52369
-25.4157,0.914834,0.58681,2,7,0,26.0478,1.09102,0.00036696,0.0204405,0.521764
-26.0879,0.978876,0.58681,2,3,0,26.9645,1.19365,0.000243437,0.0169352,0.544138
-23.9718,0.879843,0.58681,2,7,0,27.741,1.3817,0.00356848,0.0283008,0.580131
-21.3903,1,0.58681,3,7,0,24.3243,0.857269,0.0565866,0.122152,0.461575
-21.1991,0.910884,0.58681,2,7,0,22.6209,0.994339,0.0684671,0.0187705,0.498581
-20.8212,0.988453,0.58681,3,7,0,22.1354,1.21617,0.0552614,0.168132,0.548771
-21.7117,0.939073,0.58681,2,3,0,22.4133,1.32085,0.0217434,0.0446278,0.569124
-21.578,0.994322,0.58681,3,7,0,23.0934,0.868707,0.0352871,0.129333,0.464871
-20.3774,0.964759,0.58681,2,7,0,22.6467,1.00943,0.0655819,0.0700634,0.502346
-21.3291,0.883719,0.58681,1,3,0,22.1433,0.888728,0.0368325,0.109502,0.470543
-20.6523,0.990585,0.58681,3,7,0,22.3098,1.18682,0.107542,0.0358705,0.542715
-23.2315,0.855971,0.58681,3,7,0,23.4842,1.30001,0.22483,0.00693761,0.56522
-21.855,1,0.58681,2,3,0,23.3629,1.14857,0.0852161,0.00706297,0.534574
-21.0267,0.918321,0.58681,1,3,0,24.0799,1.00985,0.0428565,0.0282227,0.502452
-23.0204,0.90341,0.58681,2,3,0,23.7151,1.35521,0.181247,0.00826075,0.575409
-22.1825,0.992771,0.58681,2,7,0,23.7027,1.00618,0.0488554,0.00675619,0.50154
-20.5566,0.968508,0.58681,3,7,0,22.6156,1.03778,0.146871,0.146166,0.509269
-21.076,0.91063,0.58681,3,7,0,22.2202,1.16888,0.0374224,0.0258026,0.538933
-20.8233,0.987493,0.58681,3,7,0,21.5335,1.06861,0.0405087,0.181273,0.516585
-20.8233,0.51862,0.58681,1,1,0,22.2022,1.06861,0.0405087,0.181273,0.516585
-20.7972,0.984732,0.58681,2,3,0,21.3173,0.965019,0.0385633,0.113138,0.491099
-20.5483,0.978196,0.58681,2,7,0,21.4559,1.23274,0.108005,0.0623045,0.55212
-21.0687,0.952675,0.58681,3,7,0,21.4106,1.0147,0.0904098,0.0192413,0.503648
-21.3857,0.962713,0.58681,3,7,0,22.1636,1.15953,0.0934254,0.262749,0.536937
-20.6161,1,0.58681,2,3,0,21.3303,1.09815,0.114567,0.181495,0.52339
-21.3826,0.897466,0.58681,3,7,0,22.2376,1.29639,0.101547,0.0229811,0.564533
-20.3978,1,0.58681,3,7,0,21.616,0.99346,0.109457,0.0705744,0.49836
-23.5319,0.771867,0.58681,2,3,0,23.7791,0.742266,0.0284363,0.0577145,0.426035
-24.4834,0.997667,0.58681,3,7,0,25.7868,1.60394,0.0094963,0.0793992,0.615966
-20.9929,0.978827,0.58681,2,3,0,25.2589,1.20222,0.193896,0.0534474,0.545914
-20.7652,1,0.58681,3,7,0,21.2986,1.0132,0.0458595,0.169167,0.503279
-21.1304,0.575537,0.58681,2,7,0,25.0069,1.14477,0.0438914,0.0202462,0.53375
-23.806,0.913898,0.58681,2,3,0,24.0395,1.22964,0.0262776,0.00194567,0.551497
-23.9594,0.936761,0.58681,2,7,0,24.3501,1.15909,0.0315023,0.00121146,0.536842
-25.8901,0.986133,0.58681,3,7,0,27.523,1.0308,0.00365227,0.00120486,0.507582
-26.338,0.997828,0.58681,3,7,0,26.6959,1.11662,0.00310648,0.00079955,0.52755
-25.4265,1,0.58681,3,7,0,26.9769,1.10062,0.0138931,0.000497476,0.523951
-24.6604,0.996646,0.58681,2,3,0,25.7137,1.17514,0.0214391,0.00081173,0.540259
-23.2552,0.935535,0.58681,2,7,0,24.9958,1.27884,0.0450786,0.00302637,0.561181
-20.8155,0.952184,0.58681,2,7,0,23.4836,1.11976,0.130045,0.0265076,0.528248
-21.2667,0.931635,0.58681,3,7,0,21.927,1.00205,0.023292,0.173394,0.500511
-21.6956,0.979558,0.58681,2,7,0,22.1139,1.12981,0.0122774,0.0328324,0.530476
-22.2884,0.81041,0.58681,1,3,0,24.6097,1.11264,0.0292549,0.00687125,0.526658
-22.7345,0.983039,0.58681,2,3,0,23.1684,1.04876,0.0128911,0.00912299,0.511899
-23.8284,0.88911,0.58681,2,3,0,25.425,0.9328,0.228824,0.00287162,0.482616
-21.5919,0.923794,0.58681,3,7,0,24.3375,1.2637,0.0231824,0.176839,0.558246
-20.8755,1,0.58681,2,3,0,21.7262,1.23586,0.0440518,0.148937,0.552745
-20.8079,0.840262,0.58681,3,7,0,25.477,0.970216,0.183304,0.11043,0.492441
-21.4557,0.900139,0.58681,2,7,0,22.6325,1.23673,0.0502314,0.0168523,0.55292
-20.4412,0.987589,0.58681,3,7,0,23.0676,0.977204,0.114176,0.0824611,0.494235
-20.614,0.980428,0.58681,2,3,0,20.7526,1.00303,0.138454,0.0474453,0.500756
-21.0361,0.915897,0.58681,3,7,0,23.6074,1.22242,0.0342723,0.160404,0.550041
-22.4799,0.889708,0.58681,2,7,0,23.4416,1.46095,0.0345417,0.15869,0.593652
-21.1259,1,0.58681,3,7,0,23.1123,0.952621,0.159592,0.033039,0.487868
-21.3753,0.876805,0.58681,3,7,0,22.302,1.03738,0.0125789,0.10417,0.509173
-22.7135,0.883863,0.58681,2,3,0,23.5894,0.890701,0.00730827,0.133159,0.471096
-20.5151,0.944907,0.58681,2,3,0,23.3922,1.021,0.0415568,0.082511,0.505195
-21.5439,0.757826,0.58681,3,7,0,24.5661,1.07787,0.012462,0.0416192,0.518738
-22.9538,0.963226,0.58681,2,3,0,23.184,1.28287,0.0041485,0.046431,0.561956
-23.4348,1,0.58681,3,7,0,24.5023,0.98532,0.00180277,0.126141,0.496303
-24.1783,0.93718,0.58681,2,7,0,24.6102,0.848183,0.00233455,0.102734,0.458928
-23.3375,0.929792,0.58681,2,7,0,28.3783,1.32791,0.02043,0.00626769,0.57043
-22.6178,0.989504,0.58681,3,7,0,24.4667,1.03565,0.305738,0.0177067,0.508755
-20.397,1,0.58681,2,7,0,22.4797,1.12487,0.0483309,0.062625,0.529382
-20.5188,0.960915,0.58681,2,7,0,21.2638,1.00189,0.0463782,0.101515,0.500472
-21.5714,0.819001,0.58681,2,3,0,23.341,0.891557,0.0253451,0.086777,0.471335
-21.1941,0.994919,0.58681,3,7,0,22.6591,1.19671,0.0168704,0.0949331,0.544774
-23.5475,0.829012,0.58681,3,7,0,24.4627,1.54278,0.0421736,0.217508,0.606729
-23.5152,0.301365,0.58681,2,3,0,28.6137,1.56099,0.0792626,0.0183857,0.609525
-23.398,0.95395,0.58681,3,7,0,27.7133,0.781963,0.0621274,0.0138732,0.438821
-25.038,0.930016,0.58681,2,3,0,25.7202,0.678611,0.050916,0.0196763,0.404269
-30.0872,0.858867,0.58681,2,3,0,31.2647,0.625799,0.0094059,0.475685,0.384918
-22.7367,1,0.58681,2,3,0,29.6299,0.96903,0.0187633,0.00903431,0.492136
-23.3416,0.968617,0.58681,3,7,0,24.7161,1.0146,0.286119,0.00632848,0.503623
-22.2224,0.926468,0.58681,2,3,0,24.1103,1.01814,0.0886676,0.00520707,0.504494
-22.5504,0.945148,0.58681,2,7,0,22.9061,0.931507,0.10382,0.00568155,0.48227
-22.9902,0.955993,0.58681,2,7,0,24.7749,1.05658,0.041854,0.00272777,0.513757
-23.1063,0.935234,0.58681,3,7,0,24.1182,1.01073,0.0190651,0.00486042,0.502669
-21.3753,0.970972,0.58681,3,7,0,23.3838,1.16919,0.239138,0.147431,0.538998
-21.139,1,0.58681,3,7,0,22.1611,1.32536,0.0413227,0.0904624,0.569959
-21.6024,0.891377,0.58681,2,3,0,22.7836,1.15467,0.0355231,0.253979,0.535892
-21.3423,0.990248,0.58681,3,7,0,23.6239,0.948419,0.172404,0.0275839,0.486763
-21.372,0.978873,0.58681,2,3,0,22.0044,0.877375,0.16214,0.0492145,0.467341
-22.6286,0.886282,0.58681,2,7,0,23.9353,1.03917,0.173719,0.00454203,0.509604
-24.1138,0.930409,0.58681,3,7,0,25.014,1.37497,0.0339388,0.369339,0.578942
-21.6949,1,0.58681,2,3,0,23.6632,1.29544,0.0226191,0.166397,0.564353
-24.0851,0.821558,0.58681,3,7,0,24.8731,1.26892,0.00781087,0.327494,0.559262
-21.1318,1,0.58681,2,3,0,24.5729,1.21945,0.0705595,0.0204493,0.549437
-20.2598,1,0.58681,2,3,0,21.0794,1.12894,0.0919219,0.119319,0.530282
-21.0001,0.932234,0.58681,2,3,0,21.2996,1.32777,0.111162,0.0700712,0.570403
-21.8879,0.889928,0.58681,2,3,0,22.4763,1.28023,0.260898,0.109505,0.561448
-21.8879,0.0971644,0.58681,1,1,0,26.4097,1.28023,0.260898,0.109505,0.561448
-21.3606,1,0.58681,1,1,0,21.8764,1.29328,0.20241,0.0931502,0.563943
-22.4493,0.956627,0.58681,3,7,0,23.9359,1.48004,0.0295768,0.0786645,0.596781
-22.0242,1,0.58681,3,7,0,22.7174,1.45391,0.0476798,0.115683,0.592488
-22.4247,0.788468,0.58681,2,7,0,25.0426,1.20868,0.0653879,0.335412,0.547241
-21.967,1,0.58681,3,7,0,23.0376,0.895059,0.146675,0.0160866,0.472312
-22.1697,0.98621,0.58681,3,7,0,23.21,0.894334,0.116716,0.295444,0.47211
-21.0735,1,0.58681,2,3,0,22.2073,0.888697,0.146997,0.121876,0.470534
-22.2422,0.940448,0.58681,2,3,0,22.4406,0.784983,0.088934,0.174635,0.439771
-20.5447,0.906248,0.58681,3,7,0,24.5988,1.11175,0.128549,0.0394566,0.526459
-21.8502,0.84725,0.58681,2,3,0,22.398,1.1048,0.309491,0.071522,0.524895
-21.9481,0.976569,0.58681,3,7,0,23.6214,1.36487,0.0236895,0.0420085,0.577143
-24.0329,0.965951,0.58681,3,7,0,25.1188,1.11422,0.00219292,0.0127512,0.527012
-23.4559,0.983394,0.58681,3,7,0,24.7853,0.972777,0.00181696,0.0712046,0.4931
-23.8282,0.995106,0.58681,3,7,0,24.4915,1.05872,0.000911762,0.0819111,0.514261
-23.9288,0.991143,0.58681,3,7,0,24.6643,1.03268,0.000924127,0.123486,0.50804
-20.4897,0.929106,0.58681,3,7,0,24.8885,1.14009,0.159382,0.0757775,0.532729
-20.5629,0.868762,0.58681,3,7,0,22.5511,1.04341,0.0470382,0.0479412,0.510623
-21.6403,0.936903,0.58681,3,7,0,23.0936,1.32846,0.122611,0.0226936,0.570531
-21.338,0.91554,0.58681,2,7,0,23.1216,1.0136,0.230078,0.0376621,0.503376
-20.489,0.992272,0.58681,2,5,0,21.6388,1.13137,0.0391287,0.068439,0.530817
-21.3879,0.952905,0.58681,2,3,0,21.4172,1.27247,0.0189697,0.0794232,0.55995
-21.0778,0.986599,0.58681,2,7,0,21.7414,1.059,0.0168669,0.097383,0.514327
-22.2499,0.944221,0.58681,3,7,0,22.512,1.20855,0.0108607,0.0217429,0.547214
-20.5899,0.998361,0.58681,3,7,0,22.2654,1.07367,0.117075,0.177316,0.517763
-21.8966,0.666702,0.58681,1,1,0,21.9154,1.05717,0.122082,0.31435,0.513896
-21.3221,1,0.58681,3,7,0,22.5194,1.34857,0.145482,0.0606092,0.574208
-21.7802,0.914787,0.58681,2,7,0,22.9846,1.27542,0.140379,0.241991,0.56052
-20.5223,0.960806,0.58681,2,3,0,22.27,1.20147,0.14024,0.0935535,0.545758
-23.2297,0.750908,0.58681,2,3,0,23.9252,1.39122,0.306823,0.138526,0.581804
-23.6994,0.978374,0.58681,3,7,0,24.9081,0.976822,0.00915697,0.0059731,0.494138
-22.8825,0.963632,0.58681,2,3,0,25.0604,0.968078,0.0241797,0.00625521,0.49189
-22.8813,0.965637,0.58681,2,7,0,23.285,0.929057,0.0372071,0.00594644,0.481612
-22.6522,0.939367,0.58681,2,7,0,24.849,0.910233,0.317543,0.0319367,0.476504
-20.2422,1,0.58681,2,3,0,22.9156,1.0898,0.10544,0.115709,0.521485
-23.2501,0.704856,0.58681,2,3,0,24.4984,0.910903,0.399521,0.115152,0.476687
-22.3572,0.976887,0.58681,2,3,0,25.2331,0.910121,0.115135,0.321887,0.476473
-21.9088,0.998445,0.58681,3,7,0,22.7953,0.959396,0.0863306,0.303967,0.489639
-20.2823,1,0.58681,2,3,0,22.3444,1.06619,0.120973,0.111867,0.516017
-20.8615,0.916387,0.58681,3,7,0,21.1743,0.997706,0.0909736,0.205503,0.499426
-21.8426,0.893722,0.58681,3,7,0,23.7594,0.88328,0.0494815,0.0248563,0.469012
-21.6447,0.984883,0.58681,2,7,0,22.5882,1.0324,0.0792891,0.00938639,0.507971
-21.116,0.963688,0.58681,3,7,0,22.446,1.00825,0.0823465,0.238531,0.502054
-21.2314,1,0.58681,3,7,0,21.9237,1.20332,0.0242057,0.0359753,0.54614
-23.6426,0.93281,0.58681,2,3,0,23.8964,0.95415,0.310674,0.00716913,0.488269
-22.9271,0.875894,0.58681,3,7,0,24.7978,1.21266,0.00293558,0.125066,0.548056
-23.4593,0.974578,0.58681,3,7,0,24.5877,0.930661,0.00274052,0.0493592,0.482043
-22.8403,0.980917,0.58681,3,7,0,25.081,0.892887,0.0106197,0.220394,0.471707
-22.3142,1,0.58681,3,7,0,24.0983,1.3446,0.0161651,0.0302615,0.573488
-20.7662,1,0.58681,3,7,0,22.6234,1.16003,0.0919917,0.0263778,0.537044
-20.3933,0.935142,0.58681,3,7,0,22.0456,1.05841,0.0507571,0.062514,0.514189
-20.8427,0.93168,0.58681,3,7,0,22.0596,1.15285,0.165495,0.166424,0.535499
-23.2266,0.57368,0.58681,3,7,0,24.5589,1.00484,0.10258,0.00194374,0.501206
-21.4146,0.955955,0.58681,3,7,0,25.1844,0.916696,0.232477,0.0737098,0.478269
-20.3035,1,0.58681,2,3,0,21.4917,1.06941,0.0614051,0.0631151,0.516769
-21.4633,0.827188,0.58681,2,3,0,23.3302,1.28929,0.0283264,0.0363076,0.563184
-22.1506,0.979868,0.58681,2,7,0,22.6308,1.29724,0.0425777,0.0112709,0.564696
-21.5244,0.984371,0.58681,3,7,0,22.8863,1.04727,0.059469,0.278744,0.511544
-20.4385,1,0.58681,3,7,0,21.5004,1.16325,0.143948,0.079142,0.537732
-20.9251,0.966647,0.58681,2,7,0,21.0031,0.973291,0.0305721,0.119531,0.493232
-22.5466,0.967459,0.58681,3,7,0,22.5828,0.860224,0.0115656,0.121045,0.46243
-21.2657,0.946609,0.58681,3,7,0,23.3147,1.12996,0.149384,0.0170349,0.530508
-21.3631,0.593562,0.58681,2,7,0,25.1166,1.13331,0.0211064,0.0278309,0.531245
-22.2677,0.940295,0.58681,3,7,0,23.1965,1.03197,0.103759,0.00483954,0.507867
-20.7947,1,0.58681,2,3,0,22.334,1.1462,0.0756472,0.0247547,0.534059
-21.6795,0.959903,0.58681,3,7,0,22.17,1.08135,0.0159274,0.024468,0.519542
-21.0274,0.98714,0.58681,3,7,0,22.2867,1.04941,0.0469297,0.0228462,0.512055
-21.1241,0.983599,0.58681,3,7,0,21.8986,1.35043,0.0745192,0.0632666,0.574545
-21.1721,0.87084,0.58681,3,7,0,23.6102,0.888306,0.161918,0.131629,0.470425
-20.3979,0.732032,0.58681,2,3,0,24.2642,1.00217,0.0758298,0.0628706,0.500541
-21.5598,0.923803,0.58681,3,7,0,22.0435,1.21172,0.011555,0.0782901,0.547863
-21.7523,0.920598,0.58681,2,3,0,23.3301,1.13886,0.297804,0.0789174,0.532461
-20.5264,1,0.58681,2,7,0,21.8234,1.02551,0.044451,0.123768,0.506297
-22.9372,0.610899,0.58681,2,7,0,25.3964,1.48308,0.0592607,0.223944,0.597274
-23.544,0.937397,0.58681,2,7,0,24.4335,1.48278,0.137243,0.273552,0.597226
-21.3975,0.933951,0.58681,2,3,0,24.398,1.39235,0.0745527,0.0649674,0.582001
-22.2522,0.930702,0.58681,2,7,0,23.0824,1.27136,0.270107,0.171344,0.559734
-20.2216,1,0.58681,2,3,0,22.3166,1.105,0.0916304,0.113882,0.52494
-22.2108,0.851595,0.58681,2,3,0,22.5521,0.922484,0.290162,0.0372504,0.47984
-25.7504,0.689745,0.58681,2,3,0,25.8538,0.924254,0.522549,0.0237699,0.480318
-24.4876,1,0.58681,3,7,0,25.1239,1.30672,0.000833125,0.0870462,0.566485
-21.737,0.945212,0.58681,3,7,0,26.4182,1.20844,0.163803,0.253883,0.547191
-21.252,0.979064,0.58681,2,3,0,22.5504,1.24348,0.121023,0.0213433,0.554265
-21.0357,0.973996,0.58681,3,7,0,22.2011,0.950476,0.0310105,0.0698334,0.487305
-20.7084,0.992213,0.58681,3,7,0,21.3502,1.16896,0.178133,0.113401,0.538951
-20.8969,0.99902,0.58681,3,7,0,20.9971,0.950524,0.0384919,0.0689896,0.487317
-21.2276,0.933067,0.58681,3,7,0,22.5886,1.30047,0.14272,0.0385362,0.565307
-21.0974,0.972685,0.58681,3,7,0,22.5601,0.94369,0.0491339,0.0369521,0.485515
-21.3725,0.995608,0.58681,3,7,0,22.2757,1.25543,0.0379123,0.0248668,0.556625
-22.8053,0.964647,0.58681,2,3,0,23.3918,1.42359,0.0797183,0.263861,0.587388
-22.5002,0.975761,0.58681,2,3,0,24.4422,1.49025,0.171238,0.0791797,0.598435
-21.9482,0.992919,0.58681,3,7,0,23.5082,1.36151,0.0841456,0.0177034,0.576542
-20.9772,0.999507,0.58681,2,3,0,22.0736,1.26134,0.100103,0.0319724,0.557785
-23.021,0.708458,0.58681,3,7,0,27.7654,0.86583,0.0210239,0.0153338,0.464045
-21.9868,0.999207,0.58681,3,7,0,24.2471,1.38134,0.190001,0.0439178,0.580068
-20.8715,0.990538,0.58681,2,7,0,22.5545,1.07508,0.106336,0.021979,0.51809
-20.4057,0.888034,0.58681,2,7,0,23.017,1.01217,0.0770398,0.135359,0.503023
-20.5314,0.966404,0.58681,3,7,0,21.498,0.974719,0.0897557,0.0559111,0.493599
-20.4956,0.932864,0.58681,2,7,0,22.1328,1.15755,0.15109,0.0671033,0.536511
-26.0958,0.508965,0.58681,3,7,0,27.481,1.53387,0.000932597,0.109582,0.605347
-27.9634,0.968635,0.58681,3,7,0,29.0392,0.7339,0.000438601,0.0388171,0.423266
-25.213,1,0.58681,3,7,0,28.7133,1.45848,0.00117556,0.105881,0.593244
-25.1121,1,0.58681,2,3,0,25.4395,1.44353,0.00112226,0.0775044,0.590757
-21.4499,0.983957,0.58681,3,7,0,25.9648,0.843394,0.0865834,0.0622268,0.457522
-20.5426,0.962468,0.58681,3,7,0,22.8766,1.01964,0.14185,0.0518657,0.504861
-21.9887,0.845819,0.58681,2,3,0,22.8898,0.988786,0.0104148,0.173689,0.497181
-23.2218,0.832,0.58681,2,7,0,24.8187,1.18416,0.00245094,0.162924,0.542159
-23.0426,1,0.58681,3,7,0,23.4063,1.20737,0.00234689,0.0954175,0.546972
-23.7007,0.863285,0.58681,3,7,0,25.3857,1.32928,0.00764135,0.0107062,0.570682
-23.306,0.978714,0.58681,3,7,0,25.2359,1.37349,0.0543506,0.00466523,0.578679
-21.0763,0.989511,0.58681,3,7,0,24.0217,1.14209,0.0170877,0.0732054,0.533167
-21.87,0.904165,0.58681,3,7,0,22.6663,1.14655,0.207145,0.0140378,0.534137
-22.0964,1,0.58681,2,3,0,22.2774,1.12033,0.204518,0.0101167,0.528376
-22.3258,0.716164,0.58681,3,7,0,24.7263,1.06372,0.00941308,0.22736,0.515439
-20.7423,0.943268,0.58681,2,7,0,24.9609,1.23129,0.0453078,0.129478,0.551829
-21.8818,0.755049,0.58681,2,7,0,24.4567,1.04397,0.135388,0.308167,0.510756
-21.4874,0.831507,0.58681,2,3,0,23.8411,0.842003,0.0603993,0.0977944,0.457113
-22.1091,0.987798,0.58681,2,3,0,22.7171,0.78011,0.122227,0.131664,0.438237
-20.7183,0.96521,0.58681,3,7,0,22.7424,1.238,0.0431636,0.0652556,0.553173
-20.5329,1,0.58681,2,3,0,20.812,1.21811,0.0633469,0.0568146,0.549165
-22.7032,0.839926,0.58681,3,7,0,23.8029,1.00262,0.110453,0.00340283,0.500654
-21.6997,0.881554,0.58681,2,7,0,25.3222,1.3744,0.0275979,0.0926239,0.578841
-21.5885,0.968754,0.58681,3,7,0,22.5985,0.925127,0.200389,0.0296471,0.480554
-21.6267,0.96682,0.58681,3,7,0,22.2594,1.14688,0.0177677,0.204024,0.534208
-21.2536,0.989316,0.58681,3,7,0,21.9351,1.0239,0.161171,0.0200456,0.505905
-25.5123,0.837083,0.58681,3,7,0,28.7271,1.60381,0.0354237,0.004311,0.615948
-22.2939,1,0.58681,2,3,0,25.5113,1.34345,0.035627,0.0145317,0.573278
-21.8459,0.987726,0.58681,3,7,0,23.3093,1.02274,0.0154199,0.0237594,0.505621
-21.0252,1,0.58681,3,7,0,21.8803,1.1262,0.146595,0.212503,0.529677
-22.1103,0.817035,0.58681,3,7,0,23.3939,1.34624,0.0751922,0.0130733,0.573786
-20.7969,1,0.58681,2,3,0,22.052,1.20848,0.0727928,0.0306463,0.5472
-22.1777,0.868581,0.58681,2,3,0,23.0957,1.43936,0.029616,0.114721,0.590056
-20.9571,0.957424,0.58681,2,3,0,23.2058,1.25174,0.111163,0.0322993,0.555898
-20.8,0.968379,0.58681,2,3,0,22.0202,1.29324,0.060599,0.0927851,0.563935
-20.7846,0.954381,0.58681,3,7,0,22.011,0.942082,0.0474537,0.100325,0.485089
-21.5841,0.870094,0.58681,2,3,0,22.4454,0.983576,0.0777901,0.279712,0.49586
-20.2252,1,0.58681,2,5,0,21.4634,1.10089,0.0836801,0.0646034,0.52401
-21.0721,0.947546,0.58681,3,7,0,21.1704,1.03465,0.0233475,0.0442985,0.508515
-22.8466,0.963208,0.58681,2,7,0,23.3779,1.06148,0.364939,0.0347616,0.514911
-22.9915,1,0.58681,2,3,0,23.6986,1.01658,0.362683,0.0275297,0.50411
-21.4166,1,0.58681,2,3,0,23.6007,0.90513,0.095005,0.0257307,0.475102
-23.1189,0.94432,0.58681,3,7,0,25.3108,0.846926,0.179228,0.00804388,0.45856
-20.8934,1,0.58681,2,3,0,23.1422,0.911875,0.105352,0.0558345,0.476953
-20.7727,0.999139,0.58681,3,7,0,21.2189,1.21755,0.0399586,0.0505724,0.549052
-20.7268,0.978166,0.58681,3,7,0,21.4274,1.01523,0.188027,0.069196,0.503778
-20.2948,0.997435,0.58681,3,7,0,20.9457,1.13375,0.0819639,0.126965,0.531341
-21.1763,0.899402,0.58681,2,3,0,21.6686,1.34926,0.0536911,0.0712986,0.574335
-21.8425,0.956021,0.58681,2,7,0,22.5204,0.880214,0.171353,0.0246729,0.468146
-21.7716,0.978738,0.58681,2,3,0,22.5158,0.856708,0.06028,0.0341905,0.461412
-21.1069,1,0.58681,3,7,0,22.3542,1.19595,0.148852,0.0248756,0.544617
-20.7737,0.935866,0.58681,3,7,0,22.7684,1.2072,0.0423125,0.145923,0.546938
-20.266,0.996643,0.58681,3,7,0,21.0021,1.03013,0.105945,0.100282,0.507421
-21.2058,0.747292,0.58681,1,3,0,23.8754,1.10712,0.0973046,0.014152,0.525419
-21.2773,0.979705,0.58681,3,7,0,21.5678,0.991138,0.148499,0.020061,0.497775
-21.2201,0.962204,0.58681,3,7,0,22.2431,1.2999,0.0372155,0.139929,0.565198
-21.0776,1,0.58681,3,7,0,21.522,1.26348,0.0270982,0.0819325,0.558201
-22.0687,0.956538,0.58681,3,7,0,22.4062,1.34144,0.0307596,0.02122,0.572913
-20.254,0.885854,0.58681,2,7,0,26.0828,1.10582,0.108501,0.115558,0.525126
-22.2522,0.821865,0.58681,2,3,0,22.7668,1.36951,0.0170969,0.0404123,0.577972
-21.9307,0.922173,0.58681,3,7,0,25.5863,1.10378,0.314871,0.115882,0.524665
-22.3693,0.996249,0.58681,3,7,0,23.7882,1.25987,0.00944267,0.0285242,0.557496
-21.3573,0.996507,0.58681,3,7,0,22.7692,0.958252,0.244538,0.122405,0.489341
-24.4138,0.473004,0.58681,3,7,0,26.1836,1.19197,0.000642422,0.0484,0.54379
-22.2703,0.913198,0.58681,3,7,0,25.8077,1.02589,0.329825,0.158102,0.506389
-24.5483,0.806587,0.58681,3,7,0,28.5046,0.773055,0.215404,0.363797,0.436002
-22.6388,1,0.58681,1,1,0,24.0302,0.783783,0.16887,0.2136,0.439394
-20.3797,1,0.58681,2,3,0,23.0365,1.06967,0.149878,0.0885103,0.516831
-21.9581,0.712312,0.58681,2,3,0,25.7966,1.40624,0.107435,0.0275903,0.584414
-22.9656,0.959418,0.58681,3,7,0,24.1807,0.751098,0.0958047,0.0328893,0.42893
-22.844,1,0.58681,1,1,0,23.106,0.758788,0.0886365,0.0343187,0.431427
-22.6956,0.895494,0.58681,3,7,0,25.8421,1.05634,0.00356749,0.0444745,0.513699
-20.8091,0.998416,0.58681,2,3,0,22.8006,1.17151,0.0268818,0.0644697,0.539492
-22.5277,0.886461,0.58681,2,3,0,23.1215,1.43811,0.209768,0.134807,0.589846
-22.0901,0.987924,0.58681,2,7,0,23.1597,1.48556,0.0960544,0.0873949,0.597676
-22.4931,0.798398,0.58681,2,5,0,26.2488,0.803145,0.0304527,0.0644719,0.445413
-22.275,1,0.58681,3,7,0,23.5099,1.49547,0.0852006,0.0512919,0.599274
-22.224,0.99425,0.58681,2,7,0,22.7822,1.48482,0.135177,0.0845824,0.597557
-20.7271,0.984644,0.58681,3,7,0,23.082,0.96612,0.0475168,0.0616887,0.491384
-20.98,0.973509,0.58681,3,7,0,21.8676,1.11874,0.0187972,0.0721391,0.528021
-21.9677,0.904696,0.58681,3,7,0,22.8098,1.07728,0.145123,0.0073164,0.518602
-21.1982,1,0.58681,2,3,0,22.2381,1.03408,0.117817,0.0163425,0.508376
-20.813,0.96064,0.58681,3,7,0,21.8351,1.19153,0.103914,0.188033,0.543698
-21.5706,0.861746,0.58681,2,7,0,22.5031,1.09874,0.014213,0.0323478,0.523523
-21.8422,0.991628,0.58681,2,3,0,21.9623,1.05498,0.0145025,0.0229596,0.513376
-20.9481,0.990858,0.58681,3,7,0,23.7316,1.16335,0.033864,0.0335203,0.537754
-25.0478,0.745973,0.58681,2,3,0,25.7186,1.76774,0.0611164,0.0482902,0.638694
-24.0167,1,0.58681,2,3,0,25.7209,1.65502,0.148353,0.0500428,0.623355
-22.487,0.886846,0.58681,3,7,0,26.2001,1.34516,0.00838713,0.0788162,0.57359
-21.6676,0.946037,0.58681,3,7,0,23.6334,1.17962,0.0321151,0.247846,0.541205
-21.5877,1,0.58681,2,3,0,21.9314,1.207,0.0318047,0.230051,0.546895
-21.9939,0.944881,0.58681,3,7,0,22.5417,1.19435,0.174976,0.0103678,0.544285
-21.1023,0.996402,0.58681,3,7,0,22.4621,0.989253,0.0526747,0.0246667,0.497299
-20.864,0.998637,0.58681,3,7,0,21.3997,1.21646,0.127509,0.0332287,0.54883
-20.4493,0.890737,0.58681,1,3,0,22.1437,1.11021,0.046426,0.0555171,0.526113
-20.3526,0.983336,0.58681,2,7,0,21.0036,1.13538,0.105341,0.0516731,0.5317
-20.6155,0.97999,0.58681,2,3,0,20.8304,1.02338,0.143129,0.156533,0.505778
-20.8926,0.90231,0.58681,3,7,0,21.7541,1.23781,0.0830145,0.0305056,0.553135
-21.558,0.914004,0.58681,3,7,0,23.0478,1.23361,0.228271,0.157488,0.552295
-20.4818,0.872803,0.58681,2,3,0,22.5102,1.09825,0.155214,0.123977,0.523412
-21.2308,0.687657,0.58681,2,3,0,23.4978,1.0484,0.116101,0.253344,0.511814
-21.886,0.879541,0.58681,3,7,0,22.4821,1.12292,0.0260662,0.0117784,0.528952
-23.0726,0.982685,0.58681,2,3,0,23.2125,1.05105,0.0239383,0.00370265,0.512445
-24.7739,0.998752,0.58681,2,7,0,28.25,1.20403,0.0431041,0.00049197,0.546285
-21.1125,0.909053,0.58681,3,7,0,24.4543,1.11914,0.13628,0.229613,0.52811
-21.9606,0.827965,0.58681,2,3,0,23.9247,0.967496,0.312755,0.085843,0.49174
-20.5749,1,0.58681,2,7,0,22.372,1.18256,0.0396738,0.107635,0.541822
-20.5324,0.962498,0.58681,3,7,0,21.0349,1.01913,0.161658,0.0737738,0.504737
-20.3805,0.997183,0.58681,3,7,0,20.8152,1.1425,0.0478336,0.0999385,0.533256
-20.6036,0.888393,0.58681,2,7,0,22.8686,0.966543,0.131882,0.0626156,0.491493
-21.0811,0.959324,0.58681,3,7,0,21.4399,0.955965,0.0331565,0.151666,0.488743
-22.489,0.956151,0.58681,2,3,0,23.1231,0.872727,0.32059,0.0738986,0.466019
-20.7982,1,0.58681,2,3,0,22.5535,0.930814,0.102526,0.052131,0.482084
-22.4464,0.880755,0.58681,2,3,0,22.6584,0.986389,0.173944,0.332072,0.496574
-20.2861,1,0.58681,2,3,0,22.4328,1.07258,0.0616831,0.0660176,0.51751
-20.4827,0.960705,0.58681,3,7,0,21.0265,1.13108,0.098943,0.0386378,0.530754
-21.3875,0.792131,0.58681,2,7,0,23.9186,1.31723,0.0263636,0.0710643,0.56845
-20.2603,0.955692,0.58681,3,7,0,22.3336,1.13748,0.100759,0.112289,0.532159
-20.6761,0.919889,0.58681,2,3,0,20.9494,1.0943,0.127254,0.183915,0.522513
-20.8656,0.875055,0.58681,2,3,0,21.4156,1.07434,0.117174,0.0230483,0.517919
-21.3939,0.935469,0.58681,2,3,0,22.2137,1.07759,0.107505,0.27243,0.518674
-21.3522,1,0.58681,3,7,0,22.3691,1.21927,0.110985,0.0160388,0.549402
-22.573,0.967828,0.58681,3,7,0,23.1871,0.935641,0.132415,0.00576824,0.483375
-21.7735,0.93646,0.58681,2,7,0,23.4396,1.10669,0.0257751,0.0134644,0.525322
-23.7731,0.953299,0.58681,3,7,0,24.9738,1.08026,0.0014951,0.190609,0.519291
-23.3554,0.998193,0.58681,3,7,0,24.8835,1.19263,0.0027837,0.0256564,0.543926
-25.3995,0.952557,0.58681,3,7,0,25.8816,1.39118,0.00311818,0.303016,0.581797
-28.2637,0.239834,0.58681,1,1,0,29.1248,1.33787,0.00312574,0.508088,0.572259
-23.2981,0.942583,0.58681,2,3,0,30.3688,1.27261,0.0307518,0.00353013,0.559977
-23.2162,0.988263,0.58681,2,3,0,24.0524,1.33912,0.0718192,0.00376547,0.572489
-20.4791,0.995196,0.58681,3,7,0,23.5759,1.18051,0.142006,0.0739893,0.541391
-20.6789,0.988985,0.58681,2,7,0,20.8566,1.27108,0.094512,0.0639212,0.559681
-21.029,0.829784,0.58681,3,7,0,23.5883,0.947547,0.19744,0.12403,0.486534
-20.3196,0.995261,0.58681,2,7,0,21.468,1.05175,0.134038,0.082038,0.512612
-20.9506,0.908398,0.58681,2,3,0,21.3532,1.22249,0.191183,0.0733227,0.550055
-20.7716,0.839064,0.58681,2,3,0,22.4003,1.00426,0.19523,0.0988016,0.501064
-20.3462,0.933868,0.58681,2,3,0,21.2598,0.99922,0.0807146,0.105385,0.499805
-21.3576,0.884736,0.58681,2,3,0,21.6694,1.15968,0.145889,0.0157549,0.536968
-21.5863,0.994259,0.58681,3,7,0,21.8122,1.21934,0.106196,0.0119862,0.549417
-21.0513,0.960102,0.58681,3,7,0,22.1701,0.962608,0.0292574,0.132871,0.490474
-20.1872,0.962835,0.58681,2,3,0,21.4593,1.08645,0.0852871,0.0772162,0.520717
-20.6997,0.942432,0.58681,2,3,0,21.1009,0.953415,0.156108,0.0863436,0.488076
-21.4149,0.815099,0.58681,2,3,0,24.9995,1.14516,0.152422,0.0149171,0.533834
-22.3141,0.771972,0.58681,3,7,0,24.098,0.939128,0.0167957,0.241773,0.484304
-21.7546,1,0.58681,3,7,0,23.3413,0.879892,0.0455296,0.0311892,0.468055
-20.5776,0.998996,0.58681,3,7,0,22.1706,1.24122,0.06953,0.11658,0.553815
-20.5655,0.945693,0.58681,2,3,0,21.3559,1.25251,0.0999986,0.0784549,0.556051
-20.7554,0.898532,0.58681,3,7,0,21.9839,1.02291,0.072179,0.196052,0.505662
-21.572,0.974777,0.58681,2,3,0,21.9292,0.935857,0.261553,0.0742032,0.483433
-22.74,0.886185,0.58681,2,3,0,25.5329,1.18765,0.107877,0.365907,0.54289
-21.4871,0.995799,0.58681,2,7,0,23.4401,1.19132,0.130373,0.0134596,0.543655
-20.2593,1,0.58681,2,3,0,21.4161,1.03645,0.0796542,0.109056,0.50895
-22.4663,0.894955,0.58681,2,3,0,22.6848,1.04564,0.360138,0.117118,0.511155
-22.4213,0.899913,0.58681,3,7,0,25.2193,0.758251,0.124462,0.135612,0.431253
-21.4088,0.966401,0.58681,2,7,0,23.5143,0.864422,0.054845,0.144903,0.463641
-21.144,0.983177,0.58681,2,3,0,21.8022,0.911621,0.0427861,0.141031,0.476884
-20.9402,0.998855,0.58681,3,7,0,21.5756,1.29538,0.0613225,0.0489328,0.564342
-20.6247,0.900694,0.58681,2,3,0,22.9819,1.17342,0.158667,0.0576001,0.539896
-24.5374,0.597783,0.58681,2,3,0,25.3354,1.21975,0.448474,0.181555,0.549499
-21.1096,1,0.58681,2,3,0,24.2883,1.22874,0.132384,0.195885,0.551317
-21.685,0.935076,0.58681,2,3,0,22.5647,1.42319,0.119689,0.104345,0.587321
-21.1119,0.928771,0.58681,3,7,0,22.8194,1.20439,0.0804602,0.220843,0.546359
-22.9552,0.547802,0.58681,3,7,0,26.1613,1.01701,0.0504227,0.00284402,0.504217
-22.5455,0.905465,0.58681,3,7,0,24.5321,1.27045,0.00851916,0.0270881,0.55956
-21.7167,0.997688,0.58681,3,7,0,23.1052,0.903783,0.232874,0.0425898,0.47473
-21.3207,0.998368,0.58681,3,7,0,22.6706,1.37494,0.0560853,0.0953016,0.578936
-20.9258,0.99521,0.58681,3,7,0,21.9898,0.892019,0.0930343,0.0798384,0.471464
-20.2874,1,0.58681,3,7,0,21.0151,1.11996,0.122765,0.0708676,0.528292
-20.2632,0.816262,0.58681,3,7,0,23.8695,1.07584,0.0981839,0.0594927,0.518268
-20.3176,0.997358,0.58681,3,7,0,20.3775,1.02163,0.101502,0.066072,0.50535
-21.1067,0.879616,0.58681,2,3,0,21.6944,1.04316,0.235037,0.126707,0.510562
-20.2827,1,0.58681,2,3,0,21.1251,1.04743,0.0933454,0.124829,0.511583
-21.9532,0.893851,0.58681,2,3,0,22.1155,0.794253,0.0760978,0.0931959,0.442665
-23.2184,0.972274,0.58681,3,7,0,23.7579,0.840014,0.352765,0.0487826,0.456526
-23.8552,1,0.58681,3,7,0,24.5216,1.51227,0.00786688,0.111873,0.601953
-22.3354,1,0.58681,3,7,0,24.7702,0.928428,0.327575,0.0609956,0.481443
-22.3354,0.476307,0.58681,1,1,0,23.9833,0.928428,0.327575,0.0609956,0.481443
-27.4891,0.182823,0.58681,1,1,0,27.7367,0.916306,0.615219,0.0325066,0.478163
-25.2879,1,0.58681,3,7,0,29.1478,1.06427,0.0003397,0.0279663,0.515567
-24.7216,0.99866,0.58681,2,3,0,25.5303,1.01298,0.000456048,0.0569644,0.503223
-26.8095,0.995482,0.58681,2,3,0,27.1407,0.969013,6.17033e-05,0.0985943,0.492131
-20.4271,0.994006,0.58681,3,7,0,27.0883,1.14805,0.043851,0.0774529,0.534462
-21.0209,0.959624,0.58681,2,3,0,21.2429,1.31297,0.133574,0.0658407,0.567655
-20.2774,0.961108,0.58681,2,7,0,22.2299,1.0951,0.100764,0.0569592,0.522696
-21.4279,0.916137,0.58681,2,3,0,21.5639,1.05582,0.241753,0.0353423,0.513577
-20.6511,0.904551,0.58681,3,7,0,22.3588,1.14247,0.145922,0.158062,0.533248
-21.1094,0.988959,0.58681,3,7,0,21.3166,1.26039,0.0412398,0.035479,0.557598
-20.9532,0.999348,0.58681,3,7,0,21.3372,0.93458,0.0714035,0.176296,0.483092
-20.8413,1,0.58681,2,3,0,21.2189,0.900869,0.100096,0.0919227,0.473925
-21.0247,0.918648,0.58681,3,7,0,22.1518,1.21698,0.0317204,0.0401054,0.548937
-22.1903,0.959649,0.58681,2,7,0,22.6605,1.24274,0.017582,0.0163143,0.554117
-21.5769,0.994142,0.58681,3,7,0,23.074,1.27044,0.234633,0.1122,0.559556
-21.1455,0.974985,0.58681,2,7,0,22.7859,0.94006,0.0712633,0.0285631,0.484552
-21.6409,0.84546,0.58681,2,3,0,24.3193,0.891787,0.238018,0.129022,0.471399
-21.5416,0.814136,0.58681,3,7,0,23.293,1.17595,0.0127935,0.0456843,0.540432
-20.8914,0.982354,0.58681,2,7,0,22.1032,1.08152,0.0478972,0.0255518,0.519582
-21.5799,0.96899,0.58681,3,7,0,23.284,1.08844,0.0651828,0.00961644,0.521174
-21.8023,0.938331,0.58681,3,7,0,23.3067,1.1273,0.16538,0.0102004,0.52992
-21.7351,0.978707,0.58681,3,7,0,22.6852,1.34235,0.0472686,0.196458,0.573079
-21.1939,1,0.58681,3,7,0,22.119,0.980423,0.134747,0.0217027,0.495057
-21.9025,0.969359,0.58681,2,3,0,22.1967,0.926715,0.0907124,0.0118935,0.480982
-21.3049,0.97673,0.58681,2,7,0,22.244,1.00373,0.1903,0.025631,0.50093
-23.6336,0.586163,0.58681,2,7,0,25.1216,1.17643,0.00125263,0.119253,0.540533
-22.4991,0.957258,0.58681,3,7,0,24.6139,0.884508,0.0115832,0.0486583,0.469358
-22.0156,1,0.58681,2,3,0,22.6476,0.887435,0.01944,0.0493057,0.47018
-21.3704,0.991517,0.58681,3,7,0,23.1916,1.37463,0.120776,0.114671,0.578882
-20.2427,0.997773,0.58681,3,7,0,21.4649,1.03405,0.0882233,0.079154,0.508369
-23.399,0.722874,0.58681,2,3,0,24.6463,0.846728,0.0054252,0.123137,0.458502
-22.7103,1,0.58681,3,7,0,24.6801,1.41178,0.010896,0.0743332,0.585368
-20.3864,0.950129,0.58681,3,7,0,23.8475,1.00074,0.063282,0.0972092,0.500185
-20.9958,0.941197,0.58681,2,3,0,21.4933,1.16762,0.181931,0.0365306,0.538664
-20.9109,0.98504,0.58681,3,7,0,21.6057,0.998832,0.0318012,0.0495035,0.499708
-21.782,0.958902,0.58681,2,3,0,22.1053,0.913038,0.0186465,0.0540394,0.477271
-21.9969,0.975641,0.58681,3,7,0,23.3852,1.20105,0.00697423,0.103038,0.545672
-20.6181,0.961597,0.58681,3,7,0,22.6297,1.22136,0.145544,0.0897315,0.549825
-20.2179,0.935571,0.58681,2,3,0,21.3402,1.04683,0.0805201,0.0931834,0.511439
-20.9853,0.932799,0.58681,2,5,0,21.1425,1.24443,0.171422,0.129958,0.554452
-20.5864,0.9387,0.58681,2,3,0,21.9664,1.23154,0.0628183,0.0564373,0.551879
-21.0261,0.971442,0.58681,2,7,0,21.2729,1.11532,0.0477609,0.021243,0.527258
-20.9274,0.943597,0.58681,2,7,0,22.8511,0.951673,0.0418176,0.0543692,0.487619
-21.3334,0.974274,0.58681,3,7,0,21.9844,1.24298,0.140476,0.0215933,0.554164
-20.3894,0.98896,0.58681,2,7,0,21.6062,1.01307,0.113916,0.0611812,0.503246
-22.9003,0.919233,0.58681,3,7,0,22.9672,1.55512,0.062133,0.137436,0.608628
-23.4912,0.942848,0.58681,2,3,0,24.6928,1.62662,0.126418,0.0870694,0.619283
-22.249,0.967478,0.58681,2,3,0,24.2313,1.47958,0.146238,0.075142,0.596706
-21.4625,0.982506,0.58681,3,7,0,23.5863,1.15862,0.0977383,0.269821,0.536741
-20.6023,0.633551,0.58681,2,3,0,23.5213,1.07213,0.162202,0.0495115,0.517404
-20.6785,0.97271,0.58681,2,7,0,21.1936,0.943028,0.0806932,0.136411,0.485339
-22.5803,0.793475,0.58681,3,7,0,23.7919,1.47361,0.0777368,0.022908,0.595732
-22.9757,0.965845,0.58681,3,7,0,24.2844,1.34942,0.264481,0.0210238,0.574363
-21.2148,1,0.58681,2,3,0,23.3823,1.34849,0.112572,0.0530335,0.574194
-22.0432,0.920235,0.58681,3,7,0,22.6606,0.950934,0.0089004,0.11237,0.487425
-21.7868,0.967177,0.58681,2,7,0,22.8477,0.893079,0.0193611,0.0796163,0.47176
-21.5359,0.973963,0.58681,3,7,0,23.2036,1.2497,0.0279535,0.0250659,0.555496
-22.7436,0.944022,0.58681,3,7,0,24.475,0.835549,0.321945,0.0948967,0.455204
-21.2603,1,0.58681,2,3,0,22.9318,0.856687,0.127292,0.119708,0.461406
-21.6134,0.948264,0.58681,2,3,0,22.0725,0.876406,0.202786,0.15941,0.467066
-22.2614,0.835819,0.58681,3,7,0,23.9238,1.16682,0.00504047,0.0593535,0.538495
-21.2085,0.999014,0.58681,2,7,0,22.7042,1.27017,0.0251708,0.112825,0.559505
-22.0402,0.78141,0.58681,2,7,0,23.7619,0.94589,0.0629972,0.00972295,0.486096
-21.6226,0.988397,0.58681,3,7,0,25.157,1.42209,0.0833203,0.0612418,0.587134
-21.2017,0.99251,0.58681,2,3,0,22.1307,1.29342,0.175843,0.0608205,0.563969
-20.9105,0.88152,0.58681,2,3,0,23.6044,1.3031,0.059104,0.114506,0.565803
-20.5275,0.97772,0.58681,2,3,0,21.244,1.21531,0.0587321,0.0600228,0.548595
-20.4956,0.907284,0.58681,2,7,0,22.4386,1.07063,0.146259,0.139782,0.517054
-20.8219,0.910477,0.58681,3,7,0,21.4319,1.1468,0.203028,0.10021,0.53419
-21.1973,0.932813,0.58681,3,7,0,21.9906,1.17735,0.106437,0.236862,0.540726
-21.6395,0.991293,0.58681,3,7,0,22.588,0.901879,0.0636811,0.022451,0.474204
-22.0525,0.972068,0.58681,3,7,0,22.9171,1.2488,0.00924627,0.0465494,0.555318
-22.7034,0.944778,0.58681,3,7,0,24.2246,1.06481,0.00472689,0.027825,0.515693
-21.4319,0.966882,0.58681,3,7,0,24.2233,1.2236,0.0421483,0.0181362,0.550278
-21.9166,0.985232,0.58681,2,3,0,21.9392,1.27946,0.0351308,0.0151395,0.561299
-22.4542,0.964176,0.58681,3,7,0,23.7393,0.809427,0.131458,0.0224298,0.447339
-20.2739,0.99739,0.58681,2,3,0,22.6308,1.12374,0.117737,0.070475,0.529132
-20.2539,0.881057,0.58681,3,7,0,22.0974,1.04231,0.0686226,0.0935981,0.510359
-21.4433,0.913316,0.58681,2,3,0,21.4993,0.863921,0.0565086,0.0559587,0.463497
-20.3458,0.98227,0.58681,3,7,0,22.2338,1.15843,0.116713,0.0641978,0.536699
-20.3627,0.819531,0.58681,3,7,0,22.4314,1.07662,0.0905858,0.148175,0.518447
-20.7749,0.788533,0.58681,2,5,0,22.6934,1.16783,0.0305745,0.0536921,0.538709
-22.6893,0.878424,0.58681,2,3,0,22.911,1.50663,0.0288899,0.0809814,0.601057
-22.8806,1,0.58681,3,7,0,23.3062,0.785046,0.257999,0.165477,0.43979
-21.5027,1,0.58681,2,3,0,23.0824,0.852468,0.182937,0.0804879,0.46018
-20.6251,0.977239,0.58681,2,3,0,22.0608,0.956755,0.082664,0.14112,0.48895
-21.0997,0.684307,0.58681,2,3,0,23.3558,1.03299,0.068093,0.238021,0.508113
-21.7268,0.994564,0.58681,3,7,0,22.1354,1.31024,0.10093,0.0162908,0.567145
-22.0782,0.999953,0.58681,2,7,0,23.3253,1.1681,0.112019,0.00605134,0.538767
-21.9321,0.999795,0.58681,2,3,0,22.2194,1.20394,0.0866819,0.0074597,0.546267
-20.4495,0.975456,0.58681,2,7,0,22.3809,1.17799,0.13279,0.111133,0.540862
-20.7254,0.967645,0.58681,3,7,0,20.9906,0.962119,0.0873808,0.0426985,0.490347
-21.0714,0.978603,0.58681,3,7,0,21.3665,1.22431,0.0312308,0.155495,0.550423
-22.3836,0.687142,0.58681,2,3,0,24.6093,1.3426,0.238901,0.177447,0.573124
-22.8448,0.93934,0.58681,1,1,0,23.1437,1.39644,0.242266,0.185017,0.582714
-21.5572,0.881187,0.58681,2,3,0,24.6299,1.22281,0.0178645,0.0343305,0.550119
-22.8725,0.848428,0.58681,2,3,0,24.4455,1.43716,0.0564643,0.0121918,0.589686
-22.4169,0.925038,0.58681,3,7,0,27.377,0.812685,0.0679514,0.0260346,0.448332
-22.678,0.966631,0.58681,2,3,0,24.2831,0.764,0.201669,0.054138,0.433107
-22.8039,0.96475,0.58681,3,7,0,24.0277,0.814378,0.0515733,0.272803,0.448847
-22.8039,0.726222,0.58681,2,3,0,24.4241,0.814378,0.0515733,0.272803,0.448847
-22.9639,0.994524,0.58681,3,7,0,24.151,1.48191,0.0894946,0.0153759,0.597085
-21.4537,0.973745,0.58681,2,7,0,24.1271,1.03353,0.022615,0.02549,0.508244
-20.3626,0.993986,0.58681,3,7,0,22.3219,1.12831,0.111678,0.135701,0.530144
-20.8761,0.913651,0.58681,3,7,0,21.1878,1.08846,0.0332144,0.0351902,0.521178
-21.7038,0.967259,0.58681,3,7,0,22.1139,0.894426,0.0422202,0.214354,0.472136
-22.9935,0.705836,0.58681,3,7,0,24.2508,0.866899,0.0309785,0.011064,0.464352
-20.5486,1,0.58681,2,3,0,22.9887,1.04972,0.125663,0.0400846,0.512128
-23.1239,0.767101,0.58681,2,5,0,23.4265,1.21407,0.00384604,0.19611,0.548342
-22.0347,0.899435,0.58681,3,7,0,25.3456,1.42457,0.13779,0.0369706,0.587555
-20.9313,0.797343,0.58681,2,7,0,24.6281,1.18829,0.0361901,0.0353022,0.543022
-24.1878,0.87679,0.58681,2,3,0,24.5707,0.810839,0.298734,0.00911844,0.44777
-20.7279,1,0.58681,3,7,0,24.9001,1.03706,0.0288331,0.0714832,0.509096
-20.7279,0.823037,0.58681,1,3,0,25.3522,1.03706,0.0288331,0.0714832,0.509096
-21.2968,0.976401,0.58681,3,7,0,21.6847,1.26055,0.0321012,0.0333228,0.55763
-21.4431,0.953783,0.58681,2,7,0,23.1268,0.923678,0.228116,0.0547409,0.480162
-23.1629,0.803838,0.58681,3,7,0,24.0907,0.831134,0.0226349,0.0195484,0.45389
-20.4098,1,0.58681,2,3,0,23.1224,0.984847,0.115116,0.08679,0.496183
-21.7987,0.844129,0.58681,2,3,0,22.2842,0.924398,0.015343,0.13635,0.480357
-21.0515,0.964004,0.58681,2,3,0,22.3476,0.98394,0.0252132,0.0609602,0.495952
-22.765,0.870673,0.58681,3,7,0,24.1297,1.22822,0.104433,0.35661,0.551212
-23.0442,1,0.58681,3,7,0,23.2498,0.862532,0.0748828,0.00640415,0.463097
-23.5681,0.963018,0.58681,3,7,0,24.501,1.41552,0.100998,0.331446,0.586011
-20.7569,1,0.58681,2,3,0,24.1147,1.02926,0.185474,0.0552225,0.50721
-22.227,0.823463,0.58681,2,7,0,24.6494,0.848223,0.0999623,0.0174436,0.45894
-23.159,0.935572,0.58681,3,7,0,24.1584,0.905439,0.259146,0.00885925,0.475186
-23.6978,0.958431,0.58681,3,7,0,25.9905,0.701429,0.0703153,0.0490308,0.412259
-20.4523,0.944949,0.58681,3,7,0,25.8253,1.12399,0.0504014,0.0511722,0.529189
-21.4247,0.849787,0.58681,1,3,0,22.6644,1.04276,0.0561512,0.0129764,0.510467
-22.8177,0.954449,0.58681,2,7,0,23.5381,1.38303,0.0204575,0.0167436,0.580365
-27.3868,0.821431,0.58681,3,7,0,30.523,0.5732,0.0316617,0.138188,0.364353
-22.1668,1,0.58681,2,3,0,27.0833,0.789702,0.0547882,0.09632,0.441248
-21.574,0.99538,0.58681,2,3,0,22.4636,0.8339,0.0691983,0.134633,0.454714
-23.4719,0.858975,0.58681,2,3,0,23.7898,0.7378,0.059292,0.0302063,0.42456
-21.9317,0.981367,0.58681,3,7,0,25.282,0.864985,0.0241318,0.0657653,0.463803
-25.521,0.899048,0.58681,2,7,0,26.2541,0.763528,0.00200784,0.142654,0.432955
-20.3012,0.998625,0.58681,2,7,0,25.5857,1.17875,0.0987057,0.0844032,0.541021
-21.0729,0.907752,0.58681,1,3,0,21.6305,1.33924,0.0828158,0.0580539,0.57251
-20.3664,0.998876,0.58681,3,7,0,21.2049,1.12542,0.107119,0.139771,0.529504
-20.4773,0.936304,0.58681,2,3,0,20.8978,1.14556,0.0675199,0.153766,0.533921
-20.4334,0.990703,0.58681,2,3,0,20.7644,1.14276,0.0499262,0.0569887,0.533313
-20.2397,0.996816,0.58681,2,7,0,20.5936,1.1086,0.081018,0.0623777,0.525753
-20.8342,0.911651,0.58681,2,3,0,22.0196,1.25777,0.0431116,0.118854,0.557086
-20.362,0.999314,0.58681,3,7,0,21.0888,1.10356,0.137679,0.115514,0.524615
-20.3213,0.992889,0.58681,2,3,0,20.5077,1.12722,0.128235,0.069534,0.529903
-20.7503,0.932957,0.58681,3,7,0,21.167,1.07588,0.0270014,0.120303,0.518277
-21.7505,0.880419,0.58681,2,7,0,22.7403,0.813323,0.0690981,0.100645,0.448526
-20.7451,0.982742,0.58681,2,3,0,22.2719,0.991424,0.136665,0.03944,0.497847
-21.109,0.899825,0.58681,3,7,0,22.021,1.23023,0.030264,0.154556,0.551616
-21.4873,0.716749,0.58681,3,7,0,23.7716,0.859215,0.126017,0.0423564,0.462139
-21.4399,0.980947,0.58681,3,7,0,22.235,0.974695,0.217568,0.0321852,0.493593
-20.9145,0.994023,0.58681,3,7,0,21.835,0.97347,0.0652415,0.194287,0.493278
-21.0811,0.988347,0.58681,3,7,0,21.7979,0.970981,0.0288865,0.0519681,0.492638
-20.4824,1,0.58681,3,7,0,21.2966,1.11526,0.154804,0.121121,0.527245
-21.3884,0.937848,0.58681,2,3,0,21.7755,1.35791,0.0587883,0.0423594,0.575896
-20.9049,0.936132,0.58681,2,3,0,22.6134,1.30868,0.100908,0.059543,0.566853
-21.242,0.914944,0.58681,3,7,0,22.3628,0.881434,0.0465746,0.091719,0.468491
-21.5867,0.992136,0.58681,2,3,0,21.7261,0.874596,0.0320667,0.128126,0.466552
-21.5376,0.989166,0.58681,3,7,0,22.1141,1.37819,0.156449,0.0753271,0.579511
-20.5062,0.965045,0.58681,3,7,0,22.4592,1.02789,0.0418195,0.106337,0.506876
-20.5642,0.96386,0.58681,2,7,0,21.7116,0.948562,0.111899,0.101268,0.486801
-21.0085,0.977338,0.58681,2,3,0,21.0632,0.893309,0.126866,0.133236,0.471824
-22.9342,0.838348,0.58681,3,7,0,23.1735,1.42788,0.033945,0.241516,0.588119
-21.9198,1,0.58681,2,3,0,24.4843,1.22096,0.244338,0.0267589,0.549745
-20.5252,0.970641,0.58681,3,7,0,22.3947,1.22427,0.124056,0.0794589,0.550414
-25.8301,0.430867,0.58681,3,7,0,30.3055,1.33439,0.000492465,0.0211059,0.571622
-24.2741,0.917227,0.58681,2,7,0,27.523,0.87205,0.00550072,0.295465,0.465826
-22.065,0.98459,0.58681,3,7,0,26.0478,1.31003,0.0202811,0.0249817,0.567106
-23.7058,0.978894,0.58681,3,7,0,25.0486,1.27896,0.00161591,0.0712942,0.561204
-21.7079,0.867155,0.58681,3,7,0,28.1478,1.04131,0.0151188,0.199812,0.510118
-20.8645,0.994379,0.58681,3,7,0,21.8609,1.1666,0.157027,0.0340633,0.538447
-22.0791,0.853347,0.58681,3,7,0,24.9151,0.817548,0.105846,0.212663,0.449808
-21.3507,1,0.58681,3,7,0,22.4692,0.882802,0.198607,0.101417,0.468877
-20.9132,0.9851,0.58681,3,7,0,21.9359,1.28355,0.0430013,0.104357,0.562085
-20.5263,0.998433,0.58681,2,7,0,21.1412,1.13914,0.157557,0.0613945,0.532522
-23.2404,0.789942,0.58681,3,7,0,24.1614,1.06301,0.0195227,0.003579,0.515271
-20.7304,0.995641,0.58681,2,7,0,24.0639,1.26675,0.0558948,0.0645073,0.558839
-20.702,0.998411,0.58681,3,7,0,20.939,0.941085,0.128358,0.12699,0.484824
-22.2048,0.840637,0.58681,3,7,0,24.4581,0.822394,0.0948722,0.0255779,0.451271
-22.8771,0.995187,0.58681,2,7,0,24.1235,1.5634,0.0518883,0.0800188,0.609893
-21.6784,0.99447,0.58681,2,7,0,23.4822,1.35882,0.18324,0.123445,0.576059
-20.2192,1,0.58681,2,5,0,21.8029,1.04348,0.0839464,0.0873137,0.51064
-20.633,0.865019,0.58681,3,7,0,22.5482,1.18653,0.074417,0.166364,0.542654
-21.1698,0.94578,0.58681,3,7,0,21.6137,1.11112,0.0168473,0.0518112,0.526318
-21.5562,0.993216,0.58681,2,3,0,21.7574,1.22705,0.0122861,0.0891933,0.550975
-21.3086,0.964527,0.58681,3,7,0,22.8102,0.95907,0.0320719,0.189028,0.489554
-22.9869,0.963591,0.58681,3,7,0,23.9406,1.26948,0.0040612,0.0400177,0.55937
-20.9977,0.96701,0.58681,3,7,0,23.7359,1.26676,0.0495546,0.0386957,0.558842
-22.1642,0.938707,0.58681,2,3,0,22.3854,1.40014,0.0234339,0.0448311,0.583357
-21.613,0.835814,0.58681,2,3,0,26.5442,1.40495,0.0473855,0.102189,0.584191
-21.2892,0.925673,0.58681,3,7,0,22.9799,1.19723,0.145273,0.223018,0.544881
-21.3322,0.987551,0.58681,3,7,0,22.3704,1.29795,0.065422,0.193586,0.564829
-20.9553,0.756911,0.58681,2,3,0,23.3585,1.05172,0.171824,0.0308325,0.512603
-21.1839,0.888521,0.58681,3,7,0,23.3798,0.935968,0.0763605,0.213058,0.483462
-22.2209,0.981152,0.58681,2,7,0,22.6104,1.41982,0.139488,0.0266339,0.586745
-20.4865,0.842611,0.58681,1,3,0,24.7555,1.12812,0.0537836,0.0452343,0.530102
-23.5135,0.815788,0.58681,2,3,0,23.8884,1.04132,0.174753,0.416091,0.510122
-23.5135,0.264381,0.58681,2,3,0,29.2846,1.04132,0.174753,0.416091,0.510122
-23.6344,1,0.58681,3,7,0,24.5394,0.821025,0.0590648,0.00626001,0.450859
-22.508,0.991966,0.58681,3,7,0,24.1396,1.14415,0.155642,0.342816,0.533615
-20.4823,1,0.58681,2,3,0,22.0563,1.07795,0.124264,0.156436,0.518756
-20.4894,0.976143,0.58681,3,7,0,20.985,1.05618,0.0386091,0.101343,0.513661
-21.4156,0.902543,0.58681,2,3,0,21.7203,1.12204,0.0253609,0.215824,0.528755
-22.9744,0.958718,0.58681,3,7,0,23.7935,0.754401,0.0761935,0.0342155,0.430005
-22.1306,1,0.58681,3,7,0,23.0726,0.787921,0.119659,0.0529494,0.440691
-22.1215,0.909657,0.58681,2,5,0,24.9204,1.19689,0.125374,0.00659058,0.54481
-22.2562,0.966632,0.58681,2,7,0,22.8948,1.10946,0.206675,0.00855308,0.525944
-21.8467,0.553506,0.58681,2,3,0,26.4513,1.25126,0.252336,0.0417576,0.555805
-22.34,0.857481,0.58681,3,7,0,25.0285,0.979371,0.0058752,0.131751,0.494789
-22.1716,1,0.58681,3,7,0,23.1098,1.12636,0.33307,0.0718725,0.529712
-24.3761,0.993899,0.58681,3,7,0,25.786,1.63217,0.015893,0.0587584,0.620085
-23.3514,1,0.58681,1,1,0,24.3506,1.5455,0.0188195,0.0800637,0.607149
-22.0906,0.985506,0.58681,2,3,0,24.001,1.40056,0.0359557,0.172869,0.58343
-22.7274,0.933789,0.58681,3,7,0,23.6314,0.931073,0.015704,0.0142867,0.482153
-22.3601,1,0.58681,2,7,0,23.6093,1.21011,0.015699,0.0129742,0.547533
-22.217,0.993126,0.58681,2,7,0,22.98,1.17836,0.00784544,0.0305882,0.540939
-20.6953,0.989417,0.58681,2,7,0,22.5018,1.20002,0.042574,0.136028,0.54546
-22.9994,0.865555,0.58681,3,7,0,23.6663,1.30985,0.00402776,0.0646595,0.567072
-20.4078,0.960093,0.58681,2,7,0,23.821,1.07467,0.059666,0.142897,0.517996
-20.5516,0.962847,0.58681,3,7,0,21.3827,1.13092,0.121478,0.0382111,0.53072
-20.8585,0.986512,0.58681,2,3,0,21.0386,1.1633,0.0906036,0.023421,0.537743
-21.4818,0.918385,0.58681,2,3,0,22.4081,1.40529,0.0885908,0.0655424,0.584249
-22.0033,0.955249,0.58681,3,7,0,22.9075,1.37214,0.160912,0.187666,0.57844
-21.1567,1,0.58681,2,7,0,22.082,1.00235,0.0362906,0.0280382,0.500588
-21.3081,0.933426,0.58681,3,7,0,24.1602,1.10857,0.0236041,0.197944,0.525745
-21.083,1,0.58681,3,7,0,21.3401,1.08218,0.0221156,0.159448,0.519733
-21.183,0.904894,0.58681,3,7,0,22.6475,1.26286,0.0817525,0.0234975,0.558082
-20.6228,1,0.58681,2,3,0,21.2514,1.19157,0.058361,0.0411563,0.543707
-20.6537,0.992726,0.58681,2,7,0,21.1004,1.00368,0.100756,0.036192,0.500917
-20.4248,0.999243,0.58681,3,7,0,20.7311,1.0501,0.123744,0.0501056,0.512219
-22.6841,0.883979,0.58681,2,3,0,22.9195,1.20439,0.152384,0.343015,0.546361
-22.3884,0.62214,0.58681,2,3,0,27.5317,1.04531,0.354825,0.0698257,0.511077
-23.2637,1,0.58681,3,7,0,24.1555,0.752219,0.0264775,0.130961,0.429295
-20.239,1,0.58681,2,3,0,23.1107,1.11381,0.0620272,0.0860378,0.52692
-20.8492,0.858745,0.58681,2,7,0,22.7918,0.914988,0.0966059,0.141405,0.477803
-21.2808,0.923649,0.58681,2,7,0,22.7286,1.26775,0.024373,0.128315,0.559035
-21.0724,0.926782,0.58681,3,7,0,24.3294,1.28883,0.160943,0.116006,0.563095
-22.7704,0.709016,0.58681,2,7,0,24.7404,0.889167,0.0536242,0.00759388,0.470666
-22.5222,1,0.58681,3,7,0,23.2357,1.24296,0.0360143,0.00629781,0.554161
-21.4605,1,0.58681,3,7,0,22.911,1.06742,0.0814884,0.0107146,0.516307
-21.1558,0.975322,0.58681,2,7,0,22.7658,1.23025,0.0591794,0.0220925,0.551619
-20.9148,0.987768,0.58681,3,7,0,22.0321,1.14036,0.118807,0.211298,0.53279
-21.1294,1,0.58681,3,7,0,21.5454,1.17243,0.0409397,0.0226346,0.539686
-20.8433,0.956084,0.58681,3,7,0,23.0385,1.00053,0.034594,0.147027,0.500132
-20.7422,0.990643,0.58681,3,7,0,21.3353,1.18565,0.0296446,0.0760367,0.542469
-21.0059,0.941331,0.58681,3,7,0,21.7147,0.977126,0.150977,0.0315517,0.494215
-21.2205,0.930462,0.58681,3,7,0,22.6915,1.10183,0.0314921,0.0224234,0.524225
-22.0636,0.964498,0.58681,2,7,0,23.1086,1.05533,0.00979958,0.0270415,0.513459
-23.0353,0.960608,0.58681,2,3,0,23.5643,1.16702,0.00295462,0.168546,0.538537
-20.5322,0.897587,0.58681,2,5,0,25.0294,1.03033,0.168477,0.087727,0.50747
-21.2219,0.908597,0.58681,3,7,0,22.0476,1.21997,0.0329323,0.0285941,0.549544
-20.8941,0.995351,0.58681,3,7,0,22.0544,0.989568,0.124836,0.198547,0.497378
-22.3192,0.584554,0.58681,2,7,0,24.2763,1.17432,0.0567737,0.00492736,0.540087
-20.8999,0.998436,0.58681,2,7,0,23.1647,1.30707,0.116924,0.0705784,0.56655
-20.4773,0.998855,0.58681,3,7,0,21.2112,1.00295,0.0495998,0.0846799,0.500735
-20.5914,0.969809,0.58681,3,7,0,21.1224,1.21846,0.0938728,0.0455608,0.549236
-20.6011,0.991549,0.58681,2,3,0,20.8096,1.20387,0.118735,0.0460466,0.546253
-20.3823,0.998418,0.58681,2,7,0,20.6762,1.20577,0.0725787,0.0826947,0.546643
-20.3823,0.775391,0.58681,2,7,0,24.0935,1.20577,0.0725787,0.0826947,0.546643
-22.0782,0.85348,0.58681,3,7,0,22.8235,0.977489,0.0239786,0.0145159,0.494308
-20.3525,0.992293,0.58681,3,7,0,22.4689,1.19622,0.0750806,0.0953183,0.544672
-20.369,0.863631,0.58681,2,3,0,22.4947,1.13833,0.131253,0.0642792,0.532346
-21.8212,0.757166,0.58681,3,7,0,23.6647,1.06347,0.00746623,0.0671291,0.515379
-20.2335,0.997577,0.58681,2,7,0,22.401,1.10025,0.10166,0.0656497,0.523866
-20.283,0.924262,0.58681,3,7,0,21.8725,1.10212,0.054282,0.0926289,0.524289
-21.9238,0.87378,0.58681,2,3,0,22.1294,0.858329,0.0360075,0.04219,0.461882
-20.4884,0.914674,0.58681,3,7,0,25.4238,1.16206,0.0420909,0.104815,0.537479
-21.3468,0.944591,0.58681,2,3,0,21.4761,1.13383,0.0152377,0.149126,0.53136
-21.4207,0.955604,0.58681,3,7,0,22.4005,1.31711,0.0745179,0.0250247,0.568428
-23.2927,0.89307,0.58681,2,3,0,24.0374,1.43867,0.293634,0.0710401,0.58994
-23.3791,0.954021,0.58681,2,3,0,24.5075,1.34902,0.34323,0.132899,0.57429
-20.3183,1,0.58681,2,7,0,22.994,1.13318,0.0581383,0.0652188,0.531215
-22.1855,0.900123,0.58681,2,7,0,22.2091,1.14689,0.29548,0.18956,0.53421
-22.7467,0.939884,0.58681,3,7,0,23.3247,1.05061,0.010645,0.0108044,0.51234
-21.4116,0.993429,0.58681,2,7,0,23.2248,1.09925,0.0200068,0.0270847,0.52364
-20.8963,0.997953,0.58681,3,7,0,21.9259,1.17961,0.108777,0.0244353,0.541202
-20.9923,0.984157,0.58681,3,7,0,21.2858,0.981534,0.0737988,0.0256722,0.49534
-20.6643,0.955802,0.58681,2,7,0,22.3668,1.09945,0.0333909,0.0516749,0.523686
-20.5308,0.973261,0.58681,2,3,0,21.1741,1.12343,0.0732164,0.17004,0.529065
-21.3516,0.914861,0.58681,2,3,0,22.6512,1.3035,0.14491,0.0329252,0.565877
-20.3199,1,0.58681,3,7,0,21.2921,1.18279,0.103062,0.086789,0.541871
-20.3214,0.882851,0.58681,3,7,0,21.7152,1.00745,0.109177,0.0927668,0.501857
-20.6189,0.878567,0.58681,1,3,0,21.5651,1.04097,0.0511748,0.0404104,0.510037
-21.1898,0.798983,0.58681,2,3,0,23.099,1.11405,0.0643037,0.247158,0.526975
-20.4309,0.997149,0.58681,3,7,0,21.6854,1.19609,0.054975,0.0923433,0.544645
-20.6572,0.923989,0.58681,2,7,0,22.1829,1.00292,0.039912,0.0624723,0.500729
-20.6328,0.977132,0.58681,3,7,0,21.3045,1.12855,0.171548,0.0563462,0.530196
-23.6256,0.684247,0.58681,3,7,0,24.386,1.3768,0.003161,0.0700922,0.579266
-20.6623,0.907053,0.58681,3,7,0,25.8415,1.00979,0.180926,0.0798083,0.502435
-21.6884,0.956692,0.58681,2,7,0,21.8954,1.3331,0.0269674,0.0396212,0.571387
-21.9974,0.954486,0.58681,3,7,0,23.523,0.845515,0.0470514,0.205485,0.458146
-21.0204,0.997887,0.58681,3,7,0,22.746,0.916774,0.0531636,0.0556705,0.47829
-22.7719,0.871044,0.58681,2,7,0,24.2071,1.50962,0.184679,0.0923364,0.601533
-20.5706,0.981759,0.58681,2,7,0,23.4082,1.05782,0.0348734,0.111747,0.514049
-20.7702,0.910423,0.58681,3,7,0,21.8754,0.916187,0.0740817,0.0938968,0.47813
-20.872,0.885141,0.58681,2,3,0,22.8467,0.929061,0.0468542,0.0992679,0.481613
-20.8285,0.9943,0.58681,2,3,0,21.1506,0.973878,0.0354236,0.120964,0.493383
-21.0353,0.991341,0.58681,3,7,0,21.5816,1.03172,0.019189,0.0760706,0.507807
-21.7274,0.952437,0.58681,2,3,0,22.2104,0.952648,0.0124387,0.109459,0.487875
-22.1478,0.990611,0.58681,3,7,0,22.3616,0.884268,0.0142224,0.126901,0.46929
-23.0606,0.960128,0.58681,2,3,0,23.4747,0.883375,0.00652003,0.173455,0.469038
-21.1311,0.979443,0.58681,2,7,0,24.0967,1.27089,0.0264964,0.0929528,0.559643
-21.7543,0.977124,0.58681,2,3,0,21.8649,1.29891,0.0161079,0.12691,0.56501
-23.4806,0.79212,0.58681,3,7,0,25.1643,0.876435,0.0302498,0.00598236,0.467075
-22.9274,0.995895,0.58681,3,7,0,25.1903,1.18714,0.176515,0.354663,0.542783
-21.1633,1,0.58681,2,3,0,23.471,1.00616,0.158204,0.023333,0.501536
-21.1633,0.551881,0.58681,1,3,0,26.2873,1.00616,0.158204,0.023333,0.501536
-21.1816,0.897451,0.58681,3,7,0,23.4266,1.18191,0.0567428,0.0179977,0.541686
-22.9156,0.943758,0.58681,3,7,0,23.3575,0.988627,0.138332,0.00316579,0.497141
-23.4059,0.715358,0.58681,2,3,0,26.8067,1.15054,0.341079,0.0129763,0.535001
-21.2572,1,0.58681,2,3,0,23.9471,1.22047,0.0892781,0.0171938,0.549645
-21.7382,0.906526,0.58681,2,7,0,24.133,0.972169,0.0902697,0.0106609,0.492944
-21.8838,0.956465,0.58681,3,7,0,22.9511,0.954896,0.0220575,0.226371,0.488464
-22.9661,0.971326,0.58681,3,7,0,23.317,0.863229,0.0188059,0.266153,0.463297
-23.7828,0.846578,0.58681,3,7,0,25.1855,1.18242,0.00555696,0.00687161,0.541793
-22.2356,0.996958,0.58681,3,7,0,24.1578,1.04377,0.34376,0.0735372,0.510708
-22.129,0.991709,0.58681,3,7,0,24.0465,0.904559,0.0926692,0.0110182,0.474944
-22.9532,0.968632,0.58681,2,3,0,23.24,0.869251,0.177473,0.00775769,0.465026
-22.0774,0.91739,0.58681,3,7,0,24.42,1.28521,0.0107406,0.0472908,0.562403
-23.607,0.956569,0.58681,2,7,0,24.0897,1.28824,0.00188503,0.103078,0.562983
-22.9419,0.988652,0.58681,3,7,0,24.0203,1.20216,0.00368438,0.032919,0.545901
-21.6789,0.993607,0.58681,2,3,0,23.4248,1.06246,0.013121,0.0319794,0.515143
-20.9084,1,0.58681,2,3,0,21.742,1.02259,0.024473,0.0650153,0.505583
-21.7707,0.95356,0.58681,3,7,0,22.9777,0.88382,0.255598,0.0962201,0.469164
-21.7641,0.995541,0.58681,3,7,0,22.6116,0.867879,0.148249,0.218697,0.464633
-23.7103,0.881254,0.58681,2,3,0,24.2624,0.829485,0.385147,0.155608,0.453398
-22.8225,1,0.58681,2,7,0,24.2403,0.789041,0.277063,0.0648645,0.441041
-21.9353,1,0.58681,3,7,0,22.7289,0.804798,0.171128,0.072102,0.445922
-22.8238,0.879017,0.58681,2,3,0,24.5681,0.75342,0.057385,0.167367,0.429686
-20.6819,0.914869,0.58681,3,7,0,24.2841,0.953541,0.12244,0.0552704,0.488109
-20.9297,0.921397,0.58681,3,7,0,22.3633,1.27782,0.0906329,0.157122,0.560983
-24.4754,0.502467,0.58681,3,7,0,24.9494,0.943039,0.0351629,0.00108286,0.485342
-24.3495,0.868901,0.58681,3,7,0,28.8286,1.11403,0.0106715,0.0018625,0.526971
-24.1149,1,0.58681,2,3,0,24.4113,1.13317,0.0110988,0.00230786,0.531215
-25.2733,0.983786,0.58681,2,3,0,26.036,1.14544,0.00596992,0.00127702,0.533895
-24.4006,0.889187,0.58681,2,7,0,27.1817,0.839608,0.0234109,0.00435147,0.456406
-25.151,0.971014,0.58681,1,1,0,25.2056,0.809592,0.0231784,0.00304816,0.447389
-24.3672,0.996019,0.58681,3,7,0,26.1285,0.885586,0.00986175,0.00576847,0.469661
-21.4218,0.917371,0.58681,3,7,0,26.2969,1.26446,0.0245169,0.157588,0.558394
-21.6002,0.975304,0.58681,3,7,0,23.635,0.947258,0.0250958,0.03215,0.486457
-21.2267,0.987034,0.58681,3,7,0,22.6123,0.951079,0.133862,0.0246589,0.487463
-23.3396,0.906111,0.58681,2,3,0,23.4721,0.877813,0.201188,0.00552812,0.467466
-22.7648,0.962148,0.58681,2,7,0,24.3284,1.01345,0.235236,0.0069011,0.503341
-21.3538,0.927186,0.58681,2,3,0,24.086,0.886426,0.0565607,0.0442566,0.469897
-21.2969,0.990962,0.58681,3,7,0,22.1781,1.21974,0.106858,0.0169413,0.549497
-22.981,0.948456,0.58681,2,3,0,23.0526,1.35742,0.0618035,0.00563228,0.575807
-25.7097,0.898639,0.58681,2,3,0,26.1104,1.43953,0.290907,0.00289582,0.590085
-21.7185,0.957313,0.58681,2,5,0,25.5257,1.15818,0.0390409,0.0110788,0.536648
-24.7092,0.930453,0.58681,2,7,0,25.2077,1.43932,0.00579721,0.0106775,0.590049
-20.5925,0.911127,0.58681,3,7,0,27.2035,1.10312,0.175898,0.116443,0.524517
-21.8173,0.672372,0.58681,3,7,0,23.8224,1.20966,0.00959735,0.0532053,0.547442
-21.7084,0.937612,0.58681,3,7,0,23.9207,0.85811,0.143986,0.0327158,0.461819
-21.8462,0.98621,0.58681,3,7,0,22.9079,1.37349,0.042022,0.0297313,0.57868
-21.5375,1,0.58681,3,7,0,22.6303,0.848259,0.0484676,0.104589,0.45895
-20.8631,0.985133,0.58681,3,7,0,21.9872,1.25373,0.090477,0.164597,0.556291
-21.7878,0.935641,0.58681,2,3,0,21.8095,1.31392,0.0893867,0.237859,0.567833
-21.4461,1,0.58681,3,7,0,22.3757,1.25199,0.18358,0.184901,0.555948
-23.519,0.602821,0.58681,3,7,0,25.376,1.40253,0.0336373,0.00596085,0.583771
-21.494,0.983491,0.58681,3,7,0,24.9793,0.864138,0.0424523,0.126684,0.463559
-21.4934,0.926422,0.58681,3,7,0,24.7581,1.25165,0.015055,0.0994119,0.555882
-21.1291,0.955068,0.58681,3,7,0,22.4932,1.09396,0.203712,0.0330657,0.522437
-21.3862,0.907199,0.58681,3,7,0,23.1211,1.00975,0.0196291,0.0370446,0.502425
-21.2279,0.962354,0.58681,3,7,0,24.1216,1.26772,0.0400927,0.0317243,0.559029
-20.9189,1,0.58681,3,7,0,21.399,0.924106,0.0938894,0.167042,0.480278
-20.4769,0.966696,0.58681,2,7,0,21.5971,1.15218,0.0479355,0.127093,0.535355
-21.8868,0.870452,0.58681,3,7,0,22.5638,0.822212,0.202567,0.0818535,0.451216
-20.5687,0.983971,0.58681,2,3,0,22.0481,0.976905,0.0543472,0.116189,0.494159
-20.578,0.995342,0.58681,3,7,0,20.8783,1.1775,0.0374884,0.0999823,0.540757
-20.3986,0.997403,0.58681,2,7,0,20.6861,1.0642,0.0448391,0.102422,0.51555
-21.7049,0.851787,0.58681,3,7,0,22.7347,1.23536,0.11454,0.0115292,0.552645
-23.7771,0.638025,0.58681,2,7,0,26.9395,1.10221,0.00196359,0.0197675,0.52431
-23.8159,0.973198,0.58681,2,7,0,24.3723,1.0808,0.00123396,0.0362471,0.519416
-23.3985,0.992104,0.58681,3,7,0,25.1652,1.1899,0.00154153,0.0910299,0.543358
-26.2263,0.770637,0.58681,3,7,0,27.1056,1.29275,0.00109515,0.00424883,0.563842
-23.961,0.862888,0.58681,3,7,0,28.7561,1.15729,0.0353376,0.00112052,0.536456
-21.3738,0.966802,0.58681,2,7,0,24.005,1.01633,0.119,0.0140393,0.504048
-20.8678,0.961872,0.58681,3,7,0,22.017,0.995135,0.117412,0.200195,0.498781
-21.007,0.87234,0.58681,3,7,0,22.1202,1.23186,0.0274497,0.0579996,0.551943
-22.2147,0.892227,0.58681,3,7,0,24.8398,1.02252,0.00878261,0.0282514,0.505567
-22.9743,0.964904,0.58681,2,3,0,23.3122,0.954139,0.0100629,0.0140174,0.488266
-22.4152,0.982343,0.58681,3,7,0,24.4045,1.09888,0.00579967,0.0305601,0.523556
-21.1733,1,0.58681,2,3,0,22.6204,0.992895,0.0193348,0.070787,0.498217
-21.803,0.932739,0.58681,2,3,0,23.1873,1.23081,0.00993549,0.112803,0.551733
-21.1465,0.917451,0.58681,3,7,0,23.6071,1.17869,0.0789081,0.233243,0.541009
-21.0652,0.959621,0.58681,3,7,0,23.2101,1.03852,0.0921437,0.0179255,0.509448
-21.6933,0.966854,0.58681,3,7,0,22.4223,1.39894,0.0360308,0.0849126,0.583149
-21.0067,0.952561,0.58681,3,7,0,23.1843,0.998516,0.16951,0.0329143,0.499629
-20.24,0.947624,0.58681,2,7,0,21.9074,1.07918,0.0716644,0.0666453,0.519041
-20.5263,0.947014,0.58681,1,3,0,21.0374,1.11638,0.0376442,0.118157,0.527495
-22.854,0.848633,0.58681,2,7,0,23.9215,0.748947,0.0615975,0.166934,0.428227
-20.682,0.998161,0.58681,3,7,0,23.1769,0.93445,0.0943356,0.0655635,0.483057
-22.3277,0.94113,0.58681,3,7,0,22.4097,0.799384,0.0406882,0.0648749,0.444254
-22.6691,0.991759,0.58681,3,7,0,23.7341,1.51598,0.159568,0.0660304,0.60254
-20.5909,0.916893,0.58681,3,7,0,26.1,1.1015,0.181871,0.0814057,0.52415
-23.4406,0.839286,0.58681,2,7,0,23.6435,1.15204,0.0288792,0.00215444,0.535325
-23.1406,0.992553,0.58681,3,7,0,24.2819,1.19743,0.0112353,0.00715899,0.544923
-23.102,0.999649,0.58681,3,7,0,23.2651,1.21025,0.0113458,0.00770513,0.547562
-23.2971,0.990494,0.58681,2,3,0,23.8854,1.23949,0.0178406,0.00463803,0.55347
-20.7571,0.902327,0.58681,3,7,0,25.1849,0.963653,0.0551731,0.151365,0.490745
-22.9786,0.885166,0.58681,3,7,0,23.6782,0.754727,0.201906,0.182888,0.430111
-21.9072,0.871689,0.58681,2,3,0,23.8941,0.865917,0.074742,0.0223908,0.46407
-21.7866,0.980235,0.58681,3,7,0,23.0987,1.15174,0.172025,0.0113856,0.535259
-20.378,1,0.58681,2,3,0,21.9856,1.1828,0.0572634,0.0909771,0.541872
-20.8084,0.968361,0.58681,3,7,0,20.9904,1.00973,0.0440135,0.171128,0.502421
-20.8991,0.994378,0.58681,2,3,0,21.0005,0.985962,0.0485675,0.181354,0.496466
-21.7235,0.866504,0.58681,3,7,0,23.0313,0.908149,0.0210378,0.0540145,0.475932
-21.5205,0.961053,0.58681,3,7,0,23.1531,1.1643,0.0961339,0.010614,0.537957
-21.6933,0.982388,0.58681,3,7,0,22.4938,1.154,0.0305586,0.0134662,0.535748
-20.5401,0.992939,0.58681,3,7,0,21.7747,1.01468,0.0495223,0.134244,0.503643
-21.5487,0.937542,0.58681,2,3,0,21.7231,0.899073,0.0292477,0.155118,0.473427
-21.586,0.76191,0.58681,3,7,0,24.0045,1.13956,0.262635,0.0422994,0.532614
-21.7973,0.933768,0.58681,1,1,0,22.0793,1.15506,0.28249,0.045366,0.535975
-20.2474,1,0.58681,2,3,0,21.9211,1.06947,0.100998,0.118337,0.516785
-21.6657,0.758369,0.58681,2,7,0,23.3983,1.04039,0.0239401,0.238213,0.509897
-21.7507,0.998024,0.58681,3,7,0,23.2395,0.877747,0.167867,0.0279853,0.467447
-20.2571,0.781489,0.58681,2,3,0,24.3426,1.12305,0.0600603,0.0916741,0.52898
-21.073,0.922435,0.58681,3,7,0,21.801,1.04635,0.0251603,0.0381677,0.511326
-21.8841,0.963684,0.58681,3,7,0,22.3392,0.936194,0.0548063,0.0132642,0.483523
-22.174,0.960267,0.58681,3,7,0,23.1121,0.990135,0.0989078,0.00610447,0.497522
-21.5871,1,0.58681,2,3,0,22.3421,1.08399,0.0631781,0.00966069,0.520152
-20.7586,0.9675,0.58681,3,7,0,22.0251,1.03514,0.173538,0.0452314,0.508632
-20.9344,0.97996,0.58681,3,7,0,21.7314,0.952999,0.0384306,0.136525,0.487967
-22.06,0.877249,0.58681,2,3,0,23.5507,1.028,0.26517,0.0208605,0.506904
-22.3734,0.518632,0.58681,2,3,0,25.2163,0.922872,0.00779725,0.0711704,0.479944
-24.529,0.904037,0.58681,3,7,0,25.6809,0.995767,0.00373874,0.00547653,0.49894
-23.0266,0.942576,0.58681,3,7,0,25.2116,1.11158,0.376184,0.0359945,0.526421
-22.5783,1,0.58681,3,7,0,24.3005,0.954583,0.00504304,0.0686302,0.488382
-26.6199,0.993474,0.58681,2,3,0,28.9998,1.40421,0.519967,0.0905785,0.584062
-24.5695,1,0.58681,3,7,0,26.0057,1.05058,0.000518,0.14665,0.512332
-28.1047,0.595415,0.58681,3,7,0,30.0055,1.30888,0.000267926,0.00281858,0.56689
-23.9321,0.987503,0.58681,2,3,0,28.4068,1.20506,0.00103208,0.0543486,0.546497
-21.1907,0.970274,0.58681,2,7,0,25.0624,0.870633,0.0625262,0.0964732,0.465421
-21.2856,0.990094,0.58681,3,7,0,21.8684,1.36892,0.054294,0.0891162,0.577866
-21.8487,0.955328,0.58681,3,7,0,22.7333,0.971385,0.0196866,0.220015,0.492742
-21.6959,0.999329,0.58681,3,7,0,22.0528,1.00381,0.0214236,0.223222,0.50095
-21.9901,1,0.58681,3,7,0,22.8528,1.29345,0.0237156,0.0209576,0.563977
-21.6402,0.995237,0.58681,3,7,0,22.7125,1.14073,0.0259561,0.239284,0.532869
-22.4432,0.79062,0.58681,3,7,0,23.869,1.12655,0.0754118,0.357197,0.529754
-21.577,1,0.58681,2,3,0,22.5683,1.1843,0.136682,0.0122904,0.542188
-21.3854,0.971558,0.58681,2,7,0,21.9992,1.14243,0.190637,0.0213587,0.533241
-20.6765,1,0.58681,3,7,0,21.5609,0.960088,0.0479094,0.0950831,0.489819
-21.3765,0.97036,0.58681,2,3,0,21.6325,0.920454,0.233027,0.0851784,0.47929
-21.7661,0.988256,0.58681,3,7,0,22.0157,1.26552,0.0221052,0.0253476,0.558599
-25.2824,0.863263,0.58681,3,7,0,28.183,1.27213,0.274996,0.00122561,0.559885
-23.3001,1,0.58681,2,3,0,25.4816,1.08606,0.0379405,0.00202565,0.520628
-20.9327,0.917866,0.58681,3,7,0,23.7221,0.956174,0.173747,0.147648,0.488798
-20.397,0.975317,0.58681,3,7,0,21.3193,1.10818,0.0453082,0.067887,0.525656
-20.4085,0.939532,0.58681,1,3,0,21.5571,1.18192,0.122661,0.108313,0.541688
-20.6132,0.968354,0.58681,2,3,0,20.9991,1.26229,0.0767838,0.07076,0.55797
-20.6429,0.97944,0.58681,2,7,0,21.0754,1.23375,0.136886,0.10553,0.552322
-22.1841,0.867179,0.58681,2,7,0,22.648,0.834599,0.0238934,0.102578,0.454922
-22.4651,0.949609,0.58681,3,7,0,24.4005,0.919315,0.0108857,0.0339526,0.478981
-26.0663,0.790595,0.58681,3,7,0,30.5929,0.663471,0.0257838,0.0172365,0.398847
-25.497,0.999709,0.58681,3,7,0,27.588,1.72478,0.161228,0.0178935,0.632997
-27.4716,0.864547,0.58681,2,3,0,28.2685,1.76858,0.34535,0.0338576,0.638804
-29.5872,0.981636,0.58681,3,7,0,31.2158,0.576255,0.00773955,0.0166231,0.365585
-24.5622,0.951094,0.58681,3,7,0,31.1209,1.17838,0.00100162,0.223202,0.540943
-27.1892,0.899202,0.58681,3,7,0,28.5238,0.679412,0.00288584,0.0387545,0.404553
-23.4132,1,0.58681,3,7,0,27.8206,1.38224,0.0062492,0.17704,0.580227
-21.5974,0.996541,0.58681,3,7,0,24.4795,0.863459,0.0497743,0.0475383,0.463363
-22.8737,0.984347,0.58681,3,7,0,23.508,1.474,0.0166988,0.111589,0.595796
-20.2941,1,0.58681,2,3,0,22.941,1.17012,0.102103,0.0765578,0.539195
-21.1289,0.828901,0.58681,2,7,0,23.6543,0.935509,0.185584,0.0491007,0.48334
-22.8485,0.879512,0.58681,2,3,0,23.3369,0.963771,0.0983789,0.382666,0.490776
-22.5849,0.991955,0.58681,3,7,0,24.4443,1.09714,0.0452356,0.00381276,0.523159
-23.4715,0.972013,0.58681,2,7,0,23.8649,1.31273,0.0965209,0.00246252,0.567611
-21.7191,0.962746,0.58681,3,7,0,25.2309,1.31836,0.0189477,0.0541251,0.568661
-20.9352,0.988951,0.58681,3,7,0,22.4619,0.895423,0.076392,0.11558,0.472413
-21.8004,0.962867,0.58681,3,7,0,22.0419,0.865451,0.193973,0.0367491,0.463937
-20.2475,0.946551,0.58681,2,3,0,22.2948,1.09424,0.0712725,0.116898,0.5225
-20.1922,0.985873,0.58681,1,3,0,20.4044,1.10562,0.0938071,0.0767213,0.52508
-20.2958,0.956402,0.58681,3,7,0,20.8204,1.08295,0.0530593,0.082221,0.519911
-20.2322,0.9987,0.58681,2,7,0,20.3566,1.07667,0.0703027,0.0704154,0.51846
-21.0339,0.963158,0.58681,2,3,0,21.0588,1.09126,0.235145,0.100401,0.521819
-23.8387,0.765867,0.58681,3,7,0,25.8855,0.752023,0.0644333,0.307418,0.429231
-20.978,1,0.58681,2,3,0,24.7707,0.896283,0.124929,0.131935,0.472653
-22.7762,0.741372,0.58681,3,7,0,24.0301,1.38276,0.0484044,0.00930603,0.580319
-20.8327,0.995154,0.58681,3,7,0,23.0387,1.02596,0.198323,0.130091,0.506407
-21.9655,0.743022,0.58681,1,1,0,21.9789,1.03602,0.305628,0.155261,0.508846
-22.0698,0.963932,0.58681,3,7,0,23.13,1.25405,0.00969759,0.0431184,0.556354
-22.8365,0.967591,0.58681,2,3,0,23.0266,1.29836,0.00871495,0.0213559,0.564907
-25.42,0.932277,0.58681,2,3,0,25.6242,1.39198,0.00425497,0.00464463,0.581936
-23.7928,0.993598,0.58681,3,7,0,25.8868,0.775542,0.36451,0.078674,0.436792
-21.0291,1,0.58681,2,3,0,23.5605,0.893007,0.0761667,0.0612425,0.47174
-21.0973,0.987047,0.58681,3,7,0,21.7369,1.26413,0.0269964,0.100053,0.55833
-21.7759,0.892782,0.58681,2,3,0,22.9558,1.28125,0.0481805,0.240242,0.561643
-25.4739,0.197705,0.58681,1,1,0,25.8633,1.23108,0.0471576,0.511785,0.551786
-22.491,1,0.58681,2,3,0,24.9674,1.31968,0.031696,0.2658,0.568907
-21.6831,0.917966,0.58681,2,3,0,23.9647,1.26546,0.0127477,0.0892183,0.558588
-21.5092,0.998293,0.58681,2,3,0,21.8519,1.28237,0.0178656,0.0670762,0.56186
-23.2149,0.862471,0.58681,3,7,0,25.9085,0.742674,0.168356,0.0290916,0.426169
-21.4875,0.918254,0.58681,2,7,0,25.5332,1.08702,0.0149932,0.0346033,0.520849
-23.4583,0.856808,0.58681,3,7,0,25.9007,1.16276,0.369024,0.22634,0.537628
-20.9493,0.84736,0.58681,2,3,0,25.1032,1.19379,0.066719,0.202683,0.544168
-20.3659,0.968313,0.58681,2,7,0,21.589,1.09549,0.0450608,0.0857599,0.522784
-21.806,0.927358,0.58681,2,7,0,21.9911,1.23068,0.233096,0.0283399,0.551706
-21.6026,0.905966,0.58681,3,7,0,23.4449,0.915587,0.044215,0.0257696,0.477967
-21.9133,0.963037,0.58681,2,7,0,23.3355,1.17821,0.0108194,0.177816,0.540907
-20.6733,0.982636,0.58681,2,3,0,22.1759,1.02054,0.0415701,0.049176,0.505084
-21.6154,0.947191,0.58681,2,3,0,21.6934,1.01723,0.027089,0.0185408,0.50427
-22.7149,0.959753,0.58681,2,7,0,23.046,0.986182,0.04115,0.00462674,0.496521
-22.0045,0.950005,0.58681,3,7,0,23.3402,1.26748,0.0750006,0.00908148,0.558981
-22.684,0.953365,0.58681,3,7,0,23.4452,0.884054,0.0263409,0.282609,0.46923
-21.5208,1,0.58681,3,7,0,23.0639,1.26332,0.0689371,0.0157518,0.558172
-20.6271,0.983224,0.58681,2,7,0,21.7874,0.947175,0.0759491,0.0667811,0.486436
-21.7265,0.955631,0.58681,2,3,0,21.7947,0.889807,0.243785,0.0596926,0.470845
-20.5276,1,0.58681,3,7,0,21.6501,0.963962,0.0725878,0.0720508,0.490825
-20.978,0.957348,0.58681,2,7,0,21.582,1.25018,0.0495031,0.164508,0.555591
-20.8946,0.999528,0.58681,2,7,0,21.3019,0.922825,0.105146,0.0477348,0.479932
-20.3486,0.988126,0.58681,3,7,0,21.3979,1.13104,0.0674422,0.133333,0.530746
-20.5863,0.97352,0.58681,3,7,0,20.9166,1.19957,0.148804,0.0689945,0.545367
-22.2601,0.862753,0.58681,2,3,0,22.563,1.43235,0.143436,0.029843,0.588876
-20.7615,1,0.58681,2,3,0,22.3145,1.28624,0.114291,0.0883087,0.562601
-20.9228,0.918733,0.58681,2,5,0,21.9303,0.982602,0.0272673,0.0871971,0.495612
-21.7103,0.925472,0.58681,3,7,0,22.3752,1.22369,0.178243,0.0166465,0.550298
-21.1176,0.964454,0.58681,2,7,0,23.2796,0.869075,0.0924687,0.116007,0.464976
-21.8779,0.851857,0.58681,3,7,0,25.4678,1.44394,0.113516,0.121169,0.590825
-26.5395,0.606689,0.58681,3,7,0,28.9668,1.67987,0.351529,0.0376977,0.626848
-22.776,1,0.58681,2,7,0,26.7474,0.863377,0.013623,0.20753,0.46334
-25.4727,0.899319,0.58681,3,7,0,26.8774,1.66163,0.226963,0.0161114,0.624291
-21.9702,0.894239,0.58681,2,3,0,26.8603,1.30415,0.0149289,0.150496,0.566001
-21.4045,0.838306,0.58681,2,7,0,25.4502,0.985508,0.0189148,0.159183,0.496351
-23.5042,0.565473,0.58681,3,7,0,25.4683,1.22596,0.0433222,0.00190515,0.550756
-21.1268,0.846573,0.58681,3,7,0,26.5843,0.997122,0.148756,0.218026,0.49928
-21.9413,0.682901,0.58681,3,7,0,23.9425,0.94901,0.0861806,0.00978361,0.486919
-22.2556,0.935515,0.58681,3,7,0,24.0102,1.26807,0.0168345,0.223655,0.559096
-21.2669,1,0.58681,3,7,0,22.3538,1.12735,0.0151064,0.0520164,0.529932
-20.7664,0.922076,0.58681,3,7,0,23.2785,1.28839,0.0737628,0.110159,0.563011
-20.2716,0.909449,0.58681,1,3,0,22.4486,1.05171,0.0610398,0.0920779,0.512602
-20.6952,0.908205,0.58681,2,3,0,21.7398,1.17831,0.178203,0.094488,0.540929
-22.2228,0.916635,0.58681,3,7,0,22.7499,0.829239,0.0293524,0.0593513,0.453325
-23.848,0.888689,0.58681,2,3,0,25.4804,0.917193,0.0906504,0.440028,0.478404
-20.8803,1,0.58681,3,7,0,23.3696,0.936751,0.104025,0.0417487,0.483671
-20.2182,0.971483,0.58681,1,3,0,21.4953,1.04644,0.0815568,0.0841516,0.511346
-20.2043,1,0.58681,2,3,0,20.2285,1.05534,0.0966405,0.0880499,0.513463
-21.1799,0.93454,0.58681,2,3,0,21.2499,0.916619,0.110551,0.199172,0.478248
-22.2503,0.762405,0.58681,3,7,0,23.1438,1.16814,0.0650427,0.00500125,0.538776
-20.2473,1,0.58681,3,7,0,22.111,1.05023,0.102576,0.111005,0.51225
-20.4968,0.966799,0.58681,2,3,0,20.6226,1.04278,0.16555,0.094717,0.510472
-20.7147,0.873409,0.58681,3,7,0,22.1094,1.25276,0.0457569,0.0882812,0.556099
-23.5624,0.816529,0.58681,3,7,0,24.2248,0.712063,0.203221,0.044824,0.415909
-21.7359,0.989694,0.58681,3,7,0,24.436,0.874583,0.0562781,0.21835,0.466548
-21.2696,1,0.58681,2,3,0,22.0314,0.860741,0.0726004,0.0732467,0.46258
-20.7663,0.986172,0.58681,3,7,0,22.3899,1.21893,0.0440636,0.140939,0.549333
-22.3361,0.797527,0.58681,2,7,0,23.2542,0.94101,0.0237296,0.0140164,0.484804
-22.365,0.971214,0.58681,3,7,0,23.0237,1.04923,0.0205915,0.00893234,0.512011
-21.3018,0.913326,0.58681,2,7,0,26.0402,1.16182,0.0133271,0.0878214,0.537427
-22.0639,0.932049,0.58681,2,3,0,22.4504,1.26678,0.0164488,0.200617,0.558846
-21.9783,0.930911,0.58681,3,7,0,23.4655,0.966032,0.012362,0.0369966,0.491361
-22.101,0.97295,0.58681,2,7,0,24.1538,0.915183,0.0397567,0.0151081,0.477857
-21.4544,0.981434,0.58681,3,7,0,22.6978,1.38273,0.0612314,0.129241,0.580313
-22.0539,0.963544,0.58681,3,7,0,22.6389,0.861333,0.0477046,0.0257158,0.462751
-21.8001,0.991081,0.58681,3,7,0,23.6532,1.37318,0.0487067,0.0285554,0.578625
-21.1311,1,0.58681,3,7,0,22.0099,0.925206,0.0706342,0.195016,0.480575
-21.6734,0.961396,0.58681,2,3,0,21.9123,0.930458,0.0423799,0.23991,0.481988
-21.2897,0.988453,0.58681,3,7,0,22.6138,1.08896,0.0187763,0.0352686,0.521294
-21.6958,0.973613,0.58681,3,7,0,22.3836,1.03398,0.241181,0.212325,0.508353
-20.7306,0.949079,0.58681,3,7,0,22.3668,1.10477,0.032717,0.146225,0.524889
-20.4029,1,0.58681,3,7,0,20.8719,1.12575,0.100053,0.0444002,0.529579
-20.7845,0.981794,0.58681,3,7,0,20.9288,1.18017,0.0622239,0.184571,0.54132
-22.7453,0.866192,0.58681,3,7,0,24.5711,0.995662,0.00428336,0.0412372,0.498913
-20.7379,0.962971,0.58681,2,7,0,23.1589,1.02795,0.0403697,0.0429692,0.50689
-23.1914,0.851447,0.58681,2,3,0,23.7032,0.825603,0.106369,0.00770859,0.452236
-22.0425,0.978662,0.58681,3,7,0,23.6909,0.820359,0.0849754,0.0341807,0.450658
-23.1127,0.955875,0.58681,2,3,0,23.529,0.805401,0.0523123,0.014901,0.446106
-20.8951,0.982773,0.58681,2,3,0,23.8491,0.99096,0.0496774,0.0340993,0.49773
-20.5465,0.987743,0.58681,2,7,0,21.2734,1.17516,0.0582615,0.0440122,0.540264
-21.4371,0.844228,0.58681,1,3,0,22.6858,1.11454,0.0760199,0.0108913,0.527085
-20.4384,0.949319,0.58681,3,7,0,22.2971,1.08298,0.15412,0.114007,0.51992
-22.3812,0.796363,0.58681,2,7,0,22.6529,1.25595,0.00572416,0.0708045,0.556728
-23.1188,0.970169,0.58681,2,3,0,23.2825,1.32301,0.00394063,0.115712,0.569524
-22.0113,0.771673,0.58681,3,7,0,28.1238,1.29622,0.218772,0.027037,0.564502
-21.2438,0.916706,0.58681,2,3,0,23.257,1.2174,0.0433929,0.208051,0.549021
-22.0921,0.920505,0.58681,3,7,0,23.4037,0.94002,0.00892273,0.101738,0.484541
-22.194,0.951636,0.58681,3,7,0,24.7465,1.30546,0.278698,0.077902,0.566247
-21.3452,0.922799,0.58681,2,3,0,23.8183,0.927584,0.0238309,0.109766,0.481216
-22.1322,0.979375,0.58681,2,3,0,22.4214,0.918731,0.0113213,0.143574,0.478822
-23.2949,0.74787,0.58681,3,7,0,24.8847,1.19446,0.0711389,0.00177658,0.544307
-21.2749,0.994316,0.58681,3,7,0,23.6187,0.985464,0.0476152,0.0214352,0.496339
-21.5944,0.992408,0.58681,3,7,0,21.8469,1.01107,0.0275278,0.0192681,0.502753
-22.3211,0.966285,0.58681,2,3,0,22.4891,0.928363,0.0237183,0.0158774,0.481425
-24.5489,0.955505,0.58681,3,7,0,25.2986,0.73104,0.0545252,0.0103738,0.422313
-21.7944,0.961286,0.58681,3,7,0,25.9581,1.11048,0.231947,0.230467,0.526174
-20.348,1,0.58681,2,3,0,22.0379,1.0518,0.135752,0.0716346,0.512622
-22.6091,0.783335,0.58681,3,7,0,23.1428,1.25974,0.00462102,0.0676148,0.557471
-20.6449,0.999943,0.58681,3,7,0,22.72,0.945436,0.0637411,0.108178,0.485976
-22.1537,0.917429,0.58681,2,5,0,23.3316,1.38838,0.0170956,0.0809655,0.581306
-21.1157,0.959703,0.58681,2,7,0,23.3771,1.09599,0.0705698,0.24349,0.522898
-21.6025,0.868824,0.58681,3,7,0,24.2562,0.914987,0.0414662,0.0272953,0.477803
-21.9967,0.978518,0.58681,3,7,0,23.0904,1.32346,0.0324932,0.215741,0.569607
-23.0823,0.952382,0.58681,3,7,0,24.2012,1.54067,0.0865216,0.0254229,0.606403
-22.9456,0.970122,0.58681,2,3,0,24.5215,1.55874,0.0470179,0.117426,0.609183
-23.0069,0.774747,0.58681,2,7,0,28.5147,1.21058,0.011964,0.291322,0.547631
-21.508,1,0.58681,3,7,0,22.6572,1.17996,0.0168757,0.173556,0.541276
-21.6717,0.915452,0.58681,3,7,0,24.0289,1.03536,0.226434,0.021227,0.508688
-21.5618,1,0.58681,3,7,0,21.7913,1.16564,0.0229544,0.21529,0.538243
-23.853,0.797575,0.58681,2,7,0,25.2507,1.03406,0.0081533,0.353136,0.508373
# 
#  Elapsed Time: 0.164 seconds (Warm-up)
#                0.164 seconds (Sampling)
#                0.328 seconds (Total)
# 
